0.0	29434
1.0	4697
2.0	1574
3.0	538
4.0	501
5.0	575
6.0	145
7.0	50
8.0	113
9.0	81
10.0	1022
11.0	985
12.0	2948
13.0	9524
14.0	791
15.0	874
16.0	364
17.0	2245
18.0	13915
19.0	3358
20.0	1314
21.0	20045
22.0	1200
23.0	412
24.0	3566
25.0	854
26.0	642
27.0	2007
28.0	4004
29.0	560
30.0	2173
31.0	305
32.0	32445
33.0	88
34.0	6
35.0	56
36.0	157
37.0	887
38.0	262
39.0	2
40.0	80
41.0	702
42.0	1961
43.0	1080
44.0	816
45.0	475
46.0	427
47.0	2731
48.0	27
49.0	15
50.0	32
55.0	12
56.0	294
57.0	4
58.0	32
59.0	461
61.0	63
63.0	116
65.0	3
66.0	21
67.0	213
69.0	14
71.0	405
72.0	6
73.0	12
74.0	34
75.0	200
77.0	25
78.0	121
79.0	178
80.0	524
81.0	34
82.0	7
85.0	705
86.0	17
90.0	1
91.0	27
92.0	7
94.0	1
96.0	5
97.0	20
98.0	130
102.0	1
103.0	43
104.0	1
105.0	2
106.0	25
107.0	78
109.0	24
110.0	75
114.0	462
115.0	757
116.0	239
118.0	39
119.0	1
120.0	53
121.0	5
122.0	77
124.0	111
125.0	19
126.0	17
127.0	95
128.0	273
129.0	303
130.0	1
131.0	15
132.0	4
133.0	12
134.0	1
135.0	274
136.0	4
137.0	146
138.0	3
139.0	59
140.0	10
141.0	14
142.0	7
143.0	22
144.0	1
145.0	87
146.0	297
147.0	95
148.0	81
149.0	17
150.0	180
151.0	41
152.0	1
153.0	11
154.0	13
155.0	8
156.0	3
157.0	4
158.0	4
159.0	1151
160.0	95
161.0	544
163.0	3
165.0	3
166.0	32
167.0	6
171.0	321
172.0	73
173.0	5
174.0	3
175.0	182
176.0	14
178.0	4
179.0	1
180.0	46
181.0	2
183.0	1058
184.0	1
189.0	3
190.0	7
191.0	394
192.0	114
193.0	11
194.0	112
195.0	1
196.0	4
197.0	1
198.0	14
199.0	46
200.0	609
201.0	48
202.0	11
203.0	37
204.0	128
205.0	98
206.0	19
207.0	43
208.0	37
209.0	28
210.0	25
211.0	36
212.0	80
213.0	470
214.0	12
215.0	1
217.0	5
219.0	8
220.0	51
221.0	35
222.0	460
223.0	117
224.0	1808
225.0	840
226.0	296
227.0	418
229.0	151
232.0	3
240.0	29
244.0	102
251.0	20
252.0	71
257.0	8
263.0	5
264.0	4
265.0	22
266.0	503
269.0	26
270.0	1
271.0	3
272.0	9
273.0	2
274.0	33
277.0	100
282.0	2
289.0	4
290.0	6
293.0	2
296.0	3
298.0	13
302.0	2
303.0	806
306.0	8
307.0	1
311.0	3
312.0	4
319.0	2
325.0	86
327.0	1
336.0	16
343.0	1
345.0	15
356.0	1
362.0	17
367.0	251
368.0	275
369.0	1
371.0	1
373.0	1
374.0	2
377.0	3
378.0	5
379.0	11
380.0	2
385.0	3
395.0	10
406.0	16
407.0	7
408.0	46
410.0	53
411.0	1699
414.0	4
416.0	2
417.0	3
418.0	5
419.0	12
420.0	8
421.0	20
422.0	43
423.0	10
424.0	10
425.0	38
426.0	9
427.0	9
429.0	12
430.0	854
431.0	11040
432.0	112
433.0	243
434.0	27
436.0	4
439.0	89
440.0	97
442.0	10
445.0	183
446.0	143
448.0	25
449.0	103
451.0	47
452.0	79
453.0	783
455.0	98
456.0	235
457.0	30
458.0	109
459.0	78
460.0	100
461.0	12
462.0	28
463.0	216
474.0	12
496.0	4
501.0	1
516.0	1
520.0	17
530.0	50
532.0	12
555.0	3
556.0	59
557.0	159
559.0	4
562.0	7
563.0	3
564.0	2
611.0	287
637.0	1
646.0	115
657.0	246
658.0	81
672.0	63
678.0	1
682.0	14
684.0	4
699.0	4
761.0	1
768.0	11
776.0	5
815.0	50
831.0	17
835.0	86
838.0	116
841.0	3
842.0	128
867.0	11779
893.0	2
917.0	2
930.0	7
951.0	4
952.0	8
954.0	4
955.0	9
958.0	5
959.0	8
962.0	1
964.0	9
984.0	1
985.0	18
990.0	5
1023.0	1
1027.0	1355
1115.0	1
1122.0	74
1129.0	32714
1141.0	1
1156.0	1
1160.0	1
1341.0	100
1411.0	25
1628.0	7
1943.0	181
2299.0	39
