0.0	82062380
1.0	7309614
2.0	5267289
3.0	3104274
4.0	2709400
5.0	3080700
6.0	2625100
7.0	3066479
8.0	2247483
9.0	1726294
10.0	1464347
11.0	848463
12.0	716444
13.0	825901
14.0	610520
15.0	720403
16.0	637231
17.0	399012
18.0	510326
19.0	404574
20.0	219454
21.0	223175
22.0	253905
23.0	229515
24.0	26286
25.0	17288
26.0	18394
27.0	20238
28.0	27193
29.0	10620
30.0	8871
31.0	18467
32.0	6174
33.0	3820
34.0	130922
35.0	2785
36.0	1635
37.0	5791
38.0	1431
39.0	2797
40.0	2727
41.0	3341
42.0	3883
43.0	5790
44.0	9407
45.0	3272
46.0	8255
47.0	2738
48.0	5537
49.0	1861
50.0	2154
51.0	2926
52.0	13450
53.0	29286
54.0	33592
55.0	2250
56.0	1221
57.0	4880
58.0	9380
59.0	9735
60.0	71359
61.0	38472
62.0	1143
63.0	2872
64.0	1095
65.0	4614
66.0	4122
67.0	1026
68.0	944
69.0	400
70.0	282
71.0	244
72.0	876
73.0	1618
74.0	38
75.0	220
81.0	80
82.0	386
83.0	1
84.0	25
85.0	43
89.0	15
94.0	2
95.0	5
