0.0	8998364
1.0	186567
2.0	51171
3.0	23429
4.0	16155
5.0	11065
6.0	9282
7.0	7158
8.0	6446
9.0	4248
10.0	3597
11.0	4002
12.0	2957
13.0	2399
14.0	2813
15.0	2010
16.0	2084
17.0	1848
18.0	2626
19.0	3193
20.0	3707
21.0	2078
22.0	1374
23.0	1128
24.0	1667
25.0	1405
26.0	1065
27.0	889
28.0	1001
29.0	977
30.0	1152
31.0	1159
32.0	988
33.0	1015
34.0	1078
35.0	1007
36.0	947
37.0	2040
38.0	1289
39.0	1289
40.0	1239
41.0	1736
42.0	1730
43.0	1150
44.0	918
45.0	723
46.0	903
47.0	789
48.0	1055
49.0	724
50.0	834
51.0	681
52.0	480
53.0	655
54.0	611
55.0	963
56.0	765
57.0	684
58.0	636
59.0	680
60.0	621
61.0	612
62.0	742
63.0	381
64.0	668
65.0	456
66.0	454
67.0	515
68.0	594
69.0	715
70.0	785
71.0	699
72.0	672
73.0	639
74.0	868
75.0	741
76.0	743
77.0	1479
78.0	1259
79.0	1175
80.0	581
81.0	609
82.0	554
83.0	805
84.0	648
85.0	718
86.0	677
87.0	987
88.0	918
89.0	1030
90.0	980
91.0	479
92.0	840
93.0	939
94.0	720
95.0	520
96.0	445
97.0	580
98.0	992
99.0	923
100.0	464
101.0	415
102.0	524
103.0	484
104.0	608
105.0	560
106.0	620
107.0	673
108.0	688
109.0	421
110.0	419
111.0	421
112.0	754
113.0	771
114.0	534
115.0	831
116.0	454
117.0	514
118.0	387
119.0	381
120.0	354
121.0	404
122.0	480
123.0	564
124.0	761
125.0	661
126.0	539
127.0	281
128.0	302
129.0	228
130.0	543
131.0	1057
132.0	641
133.0	333
134.0	414
135.0	374
136.0	486
137.0	361
138.0	348
139.0	536
140.0	581
141.0	793
142.0	560
143.0	778
144.0	251
145.0	391
146.0	329
147.0	403
148.0	266
149.0	421
150.0	344
151.0	219
152.0	470
153.0	292
154.0	280
155.0	380
156.0	316
157.0	446
158.0	559
159.0	525
160.0	671
161.0	431
162.0	219
163.0	285
164.0	413
165.0	507
166.0	455
167.0	453
168.0	642
169.0	445
170.0	396
171.0	424
172.0	592
173.0	365
174.0	188
175.0	326
176.0	251
177.0	327
178.0	212
179.0	185
180.0	259
181.0	258
182.0	281
183.0	307
184.0	214
185.0	342
186.0	228
187.0	233
188.0	300
189.0	191
190.0	217
191.0	416
192.0	284
193.0	307
194.0	306
195.0	332
196.0	230
197.0	191
198.0	302
199.0	231
200.0	400
201.0	499
202.0	468
203.0	400
204.0	360
205.0	272
206.0	271
207.0	428
208.0	544
209.0	391
210.0	387
211.0	584
212.0	450
213.0	487
214.0	295
215.0	298
216.0	339
217.0	362
218.0	580
219.0	524
220.0	721
221.0	520
222.0	280
223.0	198
224.0	383
225.0	226
226.0	380
227.0	520
228.0	294
229.0	225
230.0	381
231.0	339
232.0	413
233.0	331
234.0	326
235.0	315
236.0	390
237.0	249
238.0	190
239.0	283
240.0	489
241.0	243
242.0	318
243.0	451
244.0	375
245.0	446
246.0	484
247.0	325
248.0	184
249.0	322
250.0	320
251.0	284
252.0	217
253.0	210
254.0	287
255.0	314
256.0	220
257.0	293
258.0	422
259.0	260
260.0	181
261.0	136
262.0	172
263.0	156
264.0	268
265.0	395
266.0	361
267.0	208
268.0	224
269.0	187
270.0	316
271.0	303
272.0	323
273.0	454
274.0	466
275.0	338
276.0	540
277.0	480
278.0	246
279.0	495
280.0	273
281.0	428
282.0	560
283.0	373
284.0	347
285.0	271
286.0	402
287.0	392
288.0	974
289.0	1194
290.0	682
291.0	372
292.0	442
293.0	399
294.0	426
295.0	477
296.0	352
297.0	451
298.0	584
299.0	716
300.0	510
301.0	795
302.0	245
303.0	787
304.0	1135
305.0	509
306.0	206
307.0	156
308.0	91
309.0	181
310.0	438
311.0	465
312.0	377
313.0	162
314.0	202
315.0	163
316.0	378
317.0	174
318.0	176
319.0	204
320.0	130
321.0	125
322.0	231
323.0	221
324.0	122
325.0	141
326.0	388
327.0	259
328.0	94
329.0	86
330.0	282
331.0	454
332.0	263
333.0	316
334.0	408
335.0	341
336.0	209
337.0	141
338.0	135
339.0	110
340.0	166
341.0	217
342.0	267
343.0	193
344.0	185
345.0	261
346.0	146
347.0	245
348.0	218
349.0	123
350.0	156
351.0	131
352.0	61
353.0	32
354.0	36
355.0	31
356.0	42
357.0	46
358.0	86
359.0	10
360.0	13
361.0	5
362.0	2
363.0	15
364.0	12
