0.0	46021482
1.0	8911566
2.0	4773339
3.0	2851652
4.0	2319975
5.0	1971815
6.0	1805492
7.0	1541060
8.0	1090730
9.0	956841
10.0	790459
11.0	648842
12.0	752742
13.0	625164
14.0	600191
15.0	625364
16.0	538256
17.0	493493
18.0	491477
19.0	534609
20.0	443746
21.0	404632
22.0	387289
23.0	416260
24.0	454654
25.0	362825
26.0	332514
27.0	317562
28.0	308600
29.0	289961
30.0	297955
31.0	302722
32.0	315863
33.0	256169
34.0	240829
35.0	263344
36.0	250880
37.0	324081
38.0	313014
39.0	265680
40.0	222628
41.0	220295
42.0	296895
43.0	297985
44.0	333743
45.0	318066
46.0	238688
47.0	245706
48.0	211585
49.0	221909
50.0	196299
51.0	199424
52.0	158475
53.0	170803
54.0	214424
55.0	189716
56.0	190598
57.0	218857
58.0	166079
59.0	166999
60.0	184950
61.0	242484
62.0	215492
63.0	182072
64.0	164948
65.0	200506
66.0	185514
67.0	151599
68.0	158442
69.0	128113
70.0	115889
71.0	133583
72.0	142930
73.0	175089
74.0	172341
75.0	148638
76.0	127454
77.0	178126
78.0	173817
79.0	191711
80.0	226152
81.0	186998
82.0	197423
83.0	189461
84.0	237975
85.0	211283
86.0	148040
87.0	182357
88.0	157137
89.0	156911
90.0	121652
91.0	127887
92.0	131340
93.0	120726
94.0	131769
95.0	107306
96.0	111128
97.0	139458
98.0	118762
99.0	126526
100.0	86202
101.0	82343
102.0	78638
103.0	91761
104.0	80597
105.0	73274
106.0	122161
107.0	84885
108.0	89164
109.0	80026
110.0	68120
111.0	82551
112.0	114496
113.0	102141
114.0	144839
115.0	152811
116.0	90436
117.0	80376
118.0	82258
119.0	85534
120.0	84848
121.0	72997
122.0	91513
123.0	85062
124.0	95651
125.0	81383
126.0	80946
127.0	80135
128.0	83647
129.0	85924
130.0	104668
131.0	79938
132.0	84759
133.0	100321
134.0	122981
135.0	130365
136.0	105503
137.0	118268
138.0	89426
139.0	104023
140.0	108595
141.0	79022
142.0	76590
143.0	71856
144.0	63574
145.0	81051
146.0	86252
147.0	61984
148.0	129719
149.0	71604
150.0	62978
151.0	81382
152.0	85778
153.0	82338
154.0	102942
155.0	109140
156.0	87403
157.0	122922
158.0	76520
159.0	73870
160.0	84225
161.0	67184
162.0	79897
163.0	92025
164.0	88191
165.0	81790
166.0	119313
167.0	109089
168.0	124528
169.0	141993
170.0	111378
171.0	85966
172.0	99318
173.0	106424
174.0	102078
175.0	92703
176.0	145313
177.0	162307
178.0	198746
179.0	104487
180.0	83978
181.0	94000
182.0	99686
183.0	88145
184.0	93624
185.0	100329
186.0	84192
187.0	111845
188.0	109899
189.0	73395
190.0	76422
191.0	78952
192.0	76443
193.0	71358
194.0	117700
195.0	119776
196.0	96120
197.0	93236
198.0	69738
199.0	75065
200.0	96198
201.0	65595
202.0	57445
203.0	61999
204.0	84907
205.0	97393
206.0	102291
207.0	87938
208.0	88936
209.0	68561
210.0	86620
211.0	65087
212.0	99760
213.0	115478
214.0	101256
215.0	98936
216.0	135366
217.0	129020
218.0	116436
219.0	129442
220.0	91571
221.0	91011
222.0	107848
223.0	87556
224.0	97841
225.0	111296
226.0	174966
227.0	109086
228.0	71830
229.0	86272
230.0	86371
231.0	77273
232.0	94970
233.0	84350
234.0	130797
235.0	104882
236.0	82154
237.0	96132
238.0	107829
239.0	95299
240.0	83371
241.0	56552
242.0	93176
243.0	80488
244.0	104334
245.0	88336
246.0	91712
247.0	86516
248.0	97243
249.0	95185
250.0	103211
251.0	85790
252.0	95465
253.0	72065
254.0	51928
255.0	55529
256.0	66370
257.0	67772
258.0	89748
259.0	71326
260.0	57927
261.0	70152
262.0	57040
263.0	54268
264.0	42854
265.0	64414
266.0	76193
267.0	60207
268.0	65847
269.0	62609
270.0	56673
271.0	64003
272.0	82541
273.0	51598
274.0	65535
275.0	47826
276.0	38863
277.0	50113
278.0	54940
279.0	55283
280.0	54002
281.0	58301
282.0	58330
283.0	74074
284.0	79660
285.0	57426
286.0	76887
287.0	70099
288.0	67463
289.0	72613
290.0	60059
291.0	69479
292.0	45683
293.0	56183
294.0	52424
295.0	56233
296.0	39957
297.0	39757
298.0	33735
299.0	36637
300.0	34198
301.0	43549
302.0	36566
303.0	34158
304.0	47667
305.0	70129
306.0	77261
307.0	53472
308.0	57131
309.0	44644
310.0	36898
311.0	61447
312.0	45915
313.0	57614
314.0	70177
315.0	51384
316.0	43700
317.0	35584
318.0	28487
319.0	59599
320.0	79611
321.0	77286
322.0	75049
323.0	92732
324.0	68901
325.0	61869
326.0	70606
327.0	56939
328.0	44313
329.0	43346
330.0	46200
331.0	26963
332.0	37385
333.0	41801
334.0	58440
335.0	35590
336.0	26899
337.0	35692
338.0	27816
339.0	38236
340.0	56091
341.0	41530
342.0	18150
343.0	45356
344.0	28016
345.0	26864
346.0	35166
347.0	43923
348.0	46479
349.0	26092
350.0	27085
351.0	57444
352.0	41424
353.0	43518
354.0	42827
355.0	47162
356.0	39488
357.0	40277
358.0	40506
359.0	46042
360.0	39849
361.0	39607
362.0	36261
363.0	36874
364.0	39061
365.0	40955
366.0	39415
367.0	37718
368.0	43797
369.0	32275
370.0	27662
371.0	38349
372.0	55624
373.0	43457
374.0	41060
375.0	36567
376.0	40598
377.0	41025
378.0	54546
379.0	40004
380.0	37306
381.0	43621
382.0	40593
383.0	45722
384.0	49000
385.0	40126
386.0	45404
387.0	32462
388.0	33643
389.0	34268
390.0	42050
391.0	18820
392.0	73631
393.0	47240
394.0	42982
395.0	52600
396.0	48933
397.0	49542
398.0	51480
399.0	67794
400.0	75822
401.0	59663
402.0	43627
403.0	36760
404.0	41618
405.0	38553
406.0	36207
407.0	50064
408.0	64721
409.0	67089
410.0	40847
411.0	33025
412.0	31039
413.0	40146
414.0	73696
415.0	52509
416.0	32455
417.0	31036
418.0	33779
419.0	35535
420.0	80371
421.0	63980
422.0	35714
423.0	35003
424.0	39283
425.0	44776
426.0	46405
427.0	43634
428.0	35881
429.0	33033
430.0	32897
431.0	28648
432.0	43290
433.0	38697
434.0	33262
435.0	31703
436.0	34338
437.0	33462
438.0	27483
439.0	23771
440.0	25994
441.0	28660
442.0	29092
443.0	33052
444.0	35398
445.0	39162
446.0	36244
447.0	38856
448.0	33703
449.0	40770
450.0	41443
451.0	36720
452.0	36218
453.0	33186
454.0	37049
455.0	35241
456.0	35489
457.0	35327
458.0	42494
459.0	44674
460.0	49216
461.0	78114
462.0	47672
463.0	38016
464.0	39582
465.0	56544
466.0	42481
467.0	40991
468.0	30393
469.0	32347
470.0	31262
471.0	30484
472.0	27226
473.0	31825
474.0	38123
475.0	29745
476.0	46302
477.0	32848
478.0	23094
479.0	25197
480.0	21754
481.0	22075
482.0	22055
483.0	23452
484.0	20759
485.0	23263
486.0	25271
487.0	26597
488.0	27431
489.0	33658
490.0	44204
491.0	38278
492.0	45777
493.0	57660
494.0	48299
495.0	44077
496.0	44588
497.0	33239
498.0	25578
499.0	24183
500.0	24557
501.0	23675
502.0	23662
503.0	21410
504.0	25062
505.0	52309
506.0	39877
507.0	45498
508.0	43515
509.0	34322
510.0	23430
511.0	29088
512.0	29039
513.0	23843
514.0	26233
515.0	25419
516.0	49406
517.0	40323
518.0	31482
519.0	22529
520.0	23223
521.0	31359
522.0	31681
523.0	23968
524.0	21394
525.0	20600
526.0	17010
527.0	16276
528.0	23904
529.0	19833
530.0	17615
531.0	17601
532.0	19496
533.0	18391
534.0	21930
535.0	21163
536.0	17270
537.0	30287
538.0	44615
539.0	40000
540.0	28551
541.0	24159
542.0	39294
543.0	44505
544.0	25259
545.0	33064
546.0	25990
547.0	34419
548.0	33303
549.0	26312
550.0	35629
551.0	35443
552.0	27377
553.0	24831
554.0	24995
555.0	29967
556.0	28795
557.0	30505
558.0	21141
559.0	34541
560.0	16480
561.0	38808
562.0	39117
563.0	15885
564.0	9165
565.0	26272
566.0	48880
567.0	24399
568.0	37827
569.0	21864
570.0	20459
571.0	35257
572.0	36499
573.0	19447
574.0	25917
575.0	47554
576.0	34718
577.0	28615
578.0	24305
579.0	34869
580.0	40347
581.0	41965
582.0	44326
583.0	33035
584.0	31876
585.0	36383
586.0	40187
587.0	33318
588.0	50561
589.0	37258
590.0	47164
591.0	40281
592.0	36060
593.0	27195
594.0	45962
595.0	33126
596.0	37174
597.0	20950
598.0	25348
599.0	25936
600.0	20476
601.0	34404
602.0	34119
603.0	35367
604.0	23561
605.0	23571
606.0	23984
607.0	28789
608.0	38750
609.0	38540
610.0	38750
611.0	27603
612.0	32916
613.0	36212
614.0	38600
615.0	33203
616.0	38193
617.0	37012
618.0	37929
619.0	37068
620.0	43161
621.0	36982
622.0	39973
623.0	50095
624.0	33737
625.0	38828
626.0	28248
627.0	31555
628.0	34765
629.0	35320
630.0	39009
631.0	28661
632.0	24302
633.0	35255
634.0	35454
635.0	36278
636.0	30879
637.0	33774
638.0	44671
639.0	40053
640.0	34441
641.0	34321
642.0	32898
643.0	30804
644.0	32122
645.0	31832
646.0	32029
647.0	36854
648.0	26909
649.0	24020
650.0	42989
651.0	37613
652.0	48543
653.0	26934
654.0	82803
655.0	70237
656.0	54962
657.0	52816
658.0	72089
659.0	78416
660.0	80938
661.0	90050
662.0	63539
663.0	62793
664.0	66700
665.0	69491
666.0	85665
667.0	85719
668.0	73040
669.0	55467
670.0	59455
671.0	44231
672.0	55443
673.0	49896
674.0	55139
675.0	58079
676.0	57501
677.0	48420
678.0	37906
679.0	53864
680.0	54627
681.0	72079
682.0	85447
683.0	78834
684.0	70448
685.0	66079
686.0	53914
687.0	63050
688.0	41801
689.0	46460
690.0	48624
691.0	59934
692.0	55895
693.0	65005
694.0	50795
695.0	71006
696.0	45829
697.0	68079
698.0	38154
699.0	52799
700.0	48218
701.0	38011
702.0	52123
703.0	50454
704.0	42939
705.0	44353
706.0	65060
707.0	61505
708.0	45276
709.0	38661
710.0	37907
711.0	43498
712.0	95945
713.0	74500
714.0	50328
715.0	37193
716.0	36342
717.0	46450
718.0	39187
719.0	40074
720.0	39610
721.0	42785
722.0	50389
723.0	37087
724.0	37090
725.0	36136
726.0	38776
727.0	44820
728.0	43996
729.0	45504
730.0	44063
731.0	43406
732.0	43493
733.0	42397
734.0	43320
735.0	49054
736.0	43917
737.0	41483
738.0	44591
739.0	39798
740.0	48292
741.0	49234
742.0	45068
743.0	40897
744.0	40268
745.0	43164
746.0	46207
747.0	45098
748.0	40081
749.0	51800
750.0	86523
751.0	50725
752.0	35966
753.0	35249
754.0	34583
755.0	30299
756.0	50306
757.0	51760
758.0	53080
759.0	46820
760.0	50338
761.0	49656
762.0	48573
763.0	50493
764.0	51480
765.0	49074
766.0	42357
767.0	37408
768.0	40489
769.0	40330
770.0	44543
771.0	38354
772.0	45410
773.0	40297
774.0	44112
775.0	42158
776.0	42273
777.0	42960
778.0	37518
779.0	35433
780.0	40084
781.0	39569
782.0	38328
783.0	47566
784.0	49504
785.0	40126
786.0	40081
787.0	48437
788.0	51255
789.0	46866
790.0	33749
791.0	34362
792.0	35471
793.0	44703
794.0	46288
795.0	46789
796.0	44134
797.0	43220
798.0	48703
799.0	43252
800.0	40405
801.0	37742
802.0	34333
803.0	42989
804.0	36242
805.0	38637
806.0	40009
807.0	44290
808.0	37239
809.0	42573
810.0	44141
811.0	43167
812.0	45687
813.0	43081
814.0	39484
815.0	45074
816.0	44319
817.0	47994
818.0	51168
819.0	46152
820.0	40667
821.0	50453
822.0	50498
823.0	50984
824.0	43295
825.0	1841
826.0	3990
827.0	51251
828.0	53813
829.0	44630
830.0	40156
831.0	41578
832.0	45413
833.0	49871
834.0	48191
835.0	43985
836.0	41385
837.0	25657
838.0	44477
839.0	60627
840.0	52992
841.0	43724
842.0	46984
843.0	47861
844.0	49712
845.0	47206
846.0	57049
847.0	50575
848.0	40222
849.0	22974
850.0	25080
851.0	24458
852.0	26403
853.0	34332
854.0	38268
855.0	36258
856.0	32380
857.0	31331
858.0	36809
859.0	34905
860.0	38409
861.0	39132
862.0	37447
863.0	38222
864.0	33541
865.0	43449
866.0	42464
867.0	42254
868.0	50220
869.0	46523
870.0	35369
871.0	67779
872.0	70612
873.0	68725
874.0	77092
875.0	76438
876.0	52819
877.0	66045
878.0	105230
879.0	52112
880.0	57971
881.0	55194
882.0	48181
883.0	46672
884.0	50246
885.0	58539
886.0	64905
887.0	71981
888.0	76936
889.0	85286
890.0	114672
891.0	70795
892.0	76270
893.0	55649
894.0	56529
895.0	53507
896.0	36290
897.0	37880
898.0	40352
899.0	38007
900.0	35328
901.0	35252
902.0	29332
903.0	36363
904.0	38441
905.0	39147
906.0	44181
907.0	66903
908.0	36298
909.0	41645
910.0	7059
911.0	1369
912.0	70121
913.0	45707
914.0	39942
915.0	34699
916.0	37829
917.0	35108
918.0	41887
919.0	40099
920.0	40134
921.0	773
922.0	37546
923.0	35405
924.0	36817
925.0	36062
926.0	31470
927.0	37053
928.0	33445
929.0	34648
930.0	31737
931.0	33062
932.0	32636
933.0	31539
934.0	37789
935.0	33808
936.0	36345
937.0	38889
938.0	38668
939.0	42325
940.0	1322
941.0	966
942.0	294
943.0	244
944.0	36945
945.0	34615
946.0	150
947.0	39
948.0	198
949.0	1193
950.0	130
951.0	20
952.0	89
953.0	39
954.0	28
955.0	31
956.0	25
957.0	110
958.0	40
959.0	107
960.0	272
961.0	888
962.0	49
963.0	114
964.0	42
965.0	95
966.0	114
967.0	30
968.0	13
969.0	102
970.0	7
971.0	694
972.0	19
973.0	50
974.0	614
975.0	998
976.0	121
977.0	263
978.0	196
979.0	203
980.0	369
981.0	96
982.0	95
983.0	115
984.0	81
985.0	191
986.0	26
987.0	140
988.0	21
989.0	181
990.0	65
991.0	26
992.0	51
993.0	219
994.0	41
995.0	19
996.0	51
997.0	11
998.0	66
999.0	110
1000.0	100
1001.0	58
1002.0	41
1003.0	17
1004.0	177
1005.0	23
1006.0	104
1007.0	62
1008.0	47
1009.0	60
1010.0	154
1011.0	164
1012.0	190
1013.0	589
1014.0	307
1015.0	164
1016.0	385
1017.0	358
1018.0	140
1019.0	56
1020.0	54
1021.0	76
1022.0	362
1023.0	140
1024.0	7897
1025.0	7054
1026.0	23376
1027.0	9316
1028.0	15556
1029.0	23305
1030.0	17875
1031.0	8794
1032.0	2965
1033.0	10830
1034.0	122
1035.0	184
1036.0	70
1037.0	100
1038.0	1154
1039.0	544
1040.0	149
1041.0	278
1042.0	224
1043.0	56
1044.0	55
1045.0	180
1046.0	200
1047.0	9
1048.0	4
1049.0	19
1050.0	36
1051.0	2
1052.0	37
1053.0	29
1054.0	219
1055.0	196
1056.0	65
1057.0	112
1058.0	103
1059.0	160
1060.0	111
1061.0	121
1062.0	77
1063.0	147
1064.0	73
1065.0	106
1066.0	43
1067.0	101
1068.0	73
1069.0	32
1070.0	199
1071.0	38
1072.0	89
1073.0	22
1074.0	51
1075.0	34
1076.0	33
1077.0	212
1078.0	85
1079.0	204
1080.0	57
1081.0	186
1082.0	25
1083.0	26
1085.0	9
1086.0	25
1087.0	20
1088.0	1
1089.0	42
1090.0	61
1091.0	21
1092.0	5
1093.0	15
1094.0	31
1095.0	19
1096.0	12
1097.0	63
1098.0	22
1099.0	52
1100.0	52
1101.0	27
1102.0	42
1103.0	85
1104.0	201
1105.0	177
1106.0	255
1107.0	88
1108.0	35
1109.0	19
1110.0	16
1111.0	20
1112.0	23
1113.0	53
1114.0	28
1115.0	411
1116.0	1758
1117.0	404
1118.0	91
1119.0	44
1120.0	75
1121.0	74
1122.0	210
1123.0	40
1124.0	27
1125.0	19
1126.0	201
1127.0	132
1128.0	823
1129.0	140
1130.0	591
1131.0	31
1132.0	112
1133.0	45
1134.0	33
1135.0	21
1136.0	17
1137.0	73
1138.0	212
1139.0	111
1140.0	289
1141.0	37
1142.0	79
1143.0	45
1144.0	102
1145.0	81
1146.0	6
1147.0	31
1148.0	58
1149.0	15
1150.0	95
1151.0	33
1152.0	87
1153.0	45
1154.0	31
1155.0	36
1156.0	16
1157.0	27
1158.0	10
1159.0	6
1160.0	16
1161.0	46
1162.0	45
1163.0	3
1164.0	5
1165.0	9
1166.0	14
1167.0	5
1168.0	68
1169.0	110
1170.0	36
1171.0	112
1172.0	35
1173.0	31
1174.0	81
1175.0	187
1176.0	238
1177.0	167
1178.0	255
1179.0	123
1180.0	273
1181.0	173
1182.0	214
1183.0	111
1184.0	29
1185.0	7
1186.0	123
1187.0	57
1188.0	47
1189.0	49
1190.0	112
1191.0	73
1192.0	74
1193.0	13
1194.0	43
1195.0	29
1196.0	37
1197.0	19
1198.0	53
1199.0	13
1200.0	35
1201.0	3
1202.0	1
1203.0	25
1204.0	246
1205.0	448
1206.0	101
1207.0	54
1208.0	21
1209.0	53
1210.0	99
1211.0	734
1212.0	78
1213.0	6
1214.0	122
1215.0	4
1216.0	54
1217.0	19
1218.0	2
1219.0	2
1220.0	62
1222.0	10
1223.0	87
1224.0	77
1225.0	95
1226.0	118
1227.0	31
1228.0	13
1229.0	140
1230.0	61
1231.0	74
1232.0	15
1233.0	12
1234.0	291
1235.0	185
1236.0	231
1237.0	497
1238.0	226
1239.0	279
1240.0	175
1241.0	24
1242.0	37
1243.0	32
1244.0	87
1245.0	30
1246.0	127
1247.0	85
1248.0	82
1249.0	17
1250.0	11
1251.0	49
1252.0	16
1253.0	66
1254.0	39
1255.0	227
1256.0	31
1257.0	89
1258.0	79
1259.0	198
1260.0	410
1261.0	44
1262.0	37
1263.0	65
1264.0	129
1265.0	68
1266.0	10
1267.0	323
1268.0	333
1269.0	177
1270.0	219
1271.0	256
1272.0	53
1273.0	18
1274.0	85
1275.0	75
1276.0	20
1277.0	5
1278.0	36
1279.0	11
1280.0	687
1281.0	279
1282.0	104
1283.0	14
1284.0	15
1285.0	7
1286.0	44
1287.0	244
1288.0	110
1289.0	104
1290.0	10
1291.0	130
1292.0	63
1293.0	3
1294.0	4
1295.0	3
1296.0	34
1297.0	275
1298.0	211
1299.0	20
1300.0	34
1301.0	56
1302.0	313
1303.0	552
1304.0	564
1305.0	343
1306.0	196
1307.0	221
1308.0	116
1309.0	127
1310.0	137
1311.0	218
1312.0	569
1313.0	352
1314.0	31
1315.0	96
1316.0	15
1317.0	39
1318.0	937
1319.0	192
1320.0	33
1321.0	25
1322.0	12
1323.0	2
1324.0	6
1325.0	18
1326.0	301
1327.0	57
1328.0	187
1329.0	1244
1330.0	31
1331.0	4
1332.0	183
1333.0	603
1334.0	655
1335.0	101
1336.0	139
1337.0	97
1338.0	36
1339.0	841
1340.0	653
1341.0	115
1342.0	633
1343.0	305
1344.0	785
1345.0	622
1346.0	225
1347.0	426
1348.0	270
1349.0	842
1350.0	133
1351.0	180
1352.0	180
1353.0	490
1354.0	523
1355.0	211
1356.0	90
1357.0	133
1358.0	70
1359.0	145
1360.0	64
1361.0	241
1362.0	56
1363.0	13
1364.0	3
1365.0	19
1366.0	17
1369.0	2
1371.0	6
1372.0	5
1373.0	1
1374.0	85
1375.0	19
1376.0	53
1377.0	363
1378.0	120
1379.0	82
1380.0	112
1381.0	89
1382.0	105
1383.0	457
1384.0	74
1385.0	1201
1386.0	1568
1387.0	474
1388.0	1999
1389.0	208
1390.0	73
1391.0	26
1392.0	8
1393.0	26
1394.0	1
1395.0	436
1396.0	351
1397.0	295
1398.0	410
1399.0	340
1400.0	400
1401.0	367
1402.0	443
1403.0	464
1404.0	347
1405.0	425
1406.0	405
1407.0	243
1408.0	503
1409.0	378
1410.0	388
1411.0	52
1412.0	295
1413.0	108
1414.0	681
1415.0	378
1416.0	356
1417.0	290
1418.0	4
1419.0	26
1420.0	27
1421.0	11
1422.0	557
1423.0	888
1424.0	573
1425.0	250
1426.0	219
1427.0	7
1428.0	591
1429.0	544
1430.0	525
1431.0	545
1432.0	631
1433.0	568
1434.0	596
1435.0	559
1436.0	614
1437.0	544
1438.0	582
1439.0	709
1440.0	714
1441.0	573
1442.0	565
1443.0	577
1444.0	637
1445.0	1343
1446.0	925
1447.0	521
1448.0	653
1449.0	707
1450.0	682
1451.0	697
1452.0	618
1453.0	578
1454.0	643
1455.0	789
1456.0	825
1457.0	938
1458.0	774
1459.0	768
1460.0	616
1461.0	571
1462.0	858
1463.0	698
1464.0	822
1465.0	641
1466.0	1256
1467.0	102
1468.0	1080
1469.0	592
1470.0	486
1471.0	437
1472.0	669
1473.0	603
1474.0	585
1475.0	604
1476.0	752
1477.0	594
1478.0	587
1479.0	627
1480.0	631
1481.0	650
1482.0	869
1483.0	416
1484.0	263
1485.0	253
1486.0	286
1487.0	255
1488.0	141
1489.0	127
1490.0	141
1491.0	259
1492.0	292
1493.0	233
1494.0	355
1495.0	221
1496.0	441
1497.0	452
1498.0	421
1499.0	284
1500.0	270
1501.0	504
1502.0	330
1503.0	311
1504.0	338
1505.0	316
1506.0	327
1507.0	245
1508.0	276
1509.0	338
1510.0	277
1511.0	211
1512.0	343
1513.0	378
1514.0	235
1515.0	293
1516.0	312
1517.0	290
1518.0	229
1519.0	346
1520.0	380
1521.0	304
1522.0	186
1523.0	258
1524.0	310
1525.0	291
1526.0	279
1527.0	304
1528.0	268
1529.0	259
1530.0	1577
1531.0	312
1532.0	341
1533.0	329
1534.0	320
1535.0	327
1536.0	288
1537.0	218
1538.0	206
1539.0	304
1540.0	284
1541.0	347
1542.0	358
1543.0	327
1544.0	307
1545.0	373
1546.0	366
1547.0	339
1548.0	381
1549.0	374
1550.0	344
1551.0	348
1552.0	375
1553.0	277
1554.0	279
1555.0	224
1556.0	273
1557.0	150
1558.0	199
1559.0	166
1560.0	217
1561.0	345
1562.0	334
1563.0	430
1564.0	570
1565.0	567
1566.0	457
1567.0	573
1568.0	673
1569.0	391
1570.0	286
1571.0	366
1572.0	453
1573.0	282
1574.0	384
1575.0	440
1576.0	232
1577.0	351
1578.0	322
1579.0	298
1580.0	372
1581.0	364
1582.0	492
1583.0	514
1584.0	578
1585.0	665
1586.0	2318
1587.0	2291
1588.0	3390
1589.0	1411
1590.0	809
1591.0	394
1592.0	451
1593.0	459
1594.0	301
1595.0	410
1596.0	482
1597.0	532
1598.0	530
1599.0	600
1600.0	581
1601.0	687
1602.0	730
1603.0	425
1604.0	888
1605.0	2293
1606.0	2369
1607.0	1549
1608.0	715
1609.0	1492
1610.0	4457
1611.0	4405
1612.0	2639
1613.0	1129
1614.0	2071
1615.0	661
1616.0	803
1617.0	1260
1618.0	1087
1619.0	1443
1620.0	1130
1621.0	2693
1622.0	552
1623.0	864
1624.0	986
1625.0	854
1626.0	592
1627.0	1042
1628.0	896
1629.0	647
1630.0	603
1631.0	4291
1632.0	5603
1633.0	4557
1634.0	4368
1635.0	2913
1636.0	3213
1637.0	744
1638.0	668
1639.0	103
1640.0	35
1641.0	380
1642.0	546
1643.0	181
1644.0	160
1645.0	262
1646.0	305
1647.0	286
1648.0	271
1649.0	252
1650.0	240
1651.0	284
1652.0	226
1653.0	262
1654.0	297
1655.0	258
1656.0	291
1657.0	729
1658.0	386
1659.0	284
1660.0	493
1661.0	274
1662.0	366
1663.0	269
1664.0	199
1665.0	189
1666.0	182
1667.0	267
1668.0	275
1669.0	242
1670.0	261
1671.0	196
1672.0	215
1673.0	224
1674.0	141
1675.0	417
1676.0	296
1677.0	363
1678.0	287
1679.0	252
1680.0	253
1681.0	322
1682.0	313
1683.0	196
1684.0	202
1685.0	273
1686.0	258
1687.0	252
1688.0	250
1689.0	294
1690.0	290
1691.0	239
1692.0	258
1693.0	220
1694.0	209
1695.0	183
1696.0	176
1697.0	163
1698.0	219
1699.0	216
1700.0	237
1701.0	720
1702.0	1204
1703.0	1485
1704.0	1078
1705.0	259
1706.0	264
1707.0	300
1708.0	243
1709.0	538
1710.0	262
1711.0	345
1712.0	360
1713.0	294
1714.0	228
1715.0	160
1716.0	174
1717.0	189
1718.0	170
1719.0	141
1720.0	230
1721.0	356
1722.0	339
1723.0	267
1724.0	132
1725.0	135
1726.0	429
1727.0	342
1728.0	311
1729.0	521
1730.0	665
1731.0	422
1732.0	384
1733.0	394
1734.0	379
1735.0	308
1736.0	415
1737.0	373
1738.0	701
1739.0	388
1740.0	344
1741.0	667
1742.0	656
1743.0	372
1744.0	372
1745.0	372
1746.0	645
1747.0	586
1748.0	550
1749.0	681
1750.0	431
1751.0	436
1752.0	557
1753.0	389
1754.0	152
1755.0	524
1756.0	383
1757.0	319
1758.0	466
1759.0	501
1760.0	315
1761.0	228
1762.0	136
1763.0	127
1764.0	158
1765.0	178
1766.0	653
1767.0	554
1768.0	538
1769.0	277
1770.0	241
1771.0	358
1772.0	382
1773.0	551
1774.0	482
1775.0	357
1776.0	125
1777.0	296
1778.0	330
1779.0	308
1780.0	208
1781.0	331
1782.0	270
1783.0	204
1784.0	180
1785.0	444
1786.0	429
1787.0	381
1788.0	447
1789.0	315
1790.0	234
1791.0	260
1792.0	321
1793.0	290
1794.0	222
1795.0	254
1796.0	241
1797.0	199
1798.0	247
1799.0	828
1800.0	1434
1801.0	2253
1802.0	591
1803.0	492
1804.0	948
1805.0	488
1806.0	3337
1807.0	977
1808.0	2403
1809.0	2022
1810.0	443
1811.0	6000
1812.0	5440
1813.0	5768
1814.0	4494
1815.0	2667
1816.0	2612
1817.0	1337
1818.0	5127
1819.0	2349
1820.0	4102
1821.0	1130
1822.0	2680
1823.0	1345
1824.0	646
1825.0	2300
1826.0	2863
1827.0	1538
1828.0	1559
1829.0	2014
1830.0	1102
1831.0	1503
1832.0	6109
1833.0	9609
1834.0	7553
1835.0	4689
1836.0	3207
1837.0	1945
1838.0	653
1839.0	406
1840.0	296
1841.0	60
1842.0	52
1843.0	39
1844.0	16
1845.0	13
1846.0	11
1847.0	14
1848.0	198
1849.0	91
1850.0	181
1851.0	144
1852.0	55
1853.0	16
1854.0	32
1855.0	176
1856.0	161
1857.0	44
1858.0	46
1859.0	51
1860.0	36
1861.0	7
1862.0	5
1863.0	4
1867.0	20
1869.0	102
1870.0	76
1871.0	65
1872.0	35
1873.0	19
1874.0	52
1875.0	193
1876.0	34
1877.0	15
1878.0	29
1879.0	67
1880.0	65
1881.0	42
1882.0	8
1883.0	5
1885.0	217
1886.0	5
1888.0	1
1889.0	41
1890.0	1
1891.0	2
1893.0	44
1894.0	19
1895.0	3
1899.0	1
1900.0	2
1901.0	8
1902.0	33
1903.0	23
1904.0	32
1905.0	14
1906.0	6
1907.0	3
1909.0	31
1910.0	19
1911.0	16
1912.0	13
1913.0	1
1915.0	1
1916.0	129
1917.0	1890
1918.0	242
1919.0	339
1920.0	145
1921.0	241
1922.0	1
1924.0	60
1925.0	11
1926.0	36
1928.0	6
1932.0	67
1933.0	10
1934.0	6
1935.0	69
1936.0	55
1937.0	4
1940.0	18
1941.0	51
1942.0	9
1943.0	30
1944.0	7
1945.0	14
1946.0	17
1947.0	29
1948.0	142
1949.0	67
1950.0	20
1951.0	213
1952.0	217
1953.0	149
1954.0	280
1955.0	447
1956.0	81
1957.0	80
1958.0	127
1959.0	189
1960.0	155
1961.0	7
1962.0	121
1963.0	66
1964.0	116
1965.0	41
1966.0	105
1967.0	64
1968.0	55
1969.0	75
1970.0	78
1971.0	90
1972.0	103
1973.0	440
1974.0	688
1975.0	61
1976.0	86
1977.0	193
1978.0	120
1979.0	147
1980.0	52
1981.0	71
1982.0	609
1983.0	118
1984.0	215
1985.0	655
1986.0	341
1987.0	25
1988.0	28
1989.0	34
1990.0	447
1991.0	204
1992.0	18
1993.0	56
1994.0	21
1995.0	12
1996.0	28
1997.0	27
1998.0	39
1999.0	549
2000.0	11
2001.0	10
2002.0	18
2003.0	19
2004.0	50
2005.0	336
2006.0	105
2007.0	3
2008.0	10
2009.0	11
2010.0	15
2011.0	17
2012.0	519
2014.0	10
2015.0	108
2016.0	228
2017.0	17
2023.0	2
2024.0	98
2027.0	1
2028.0	2
2031.0	3
2032.0	3
2033.0	3
2045.0	9
2046.0	4
2049.0	71
2050.0	7
2051.0	1
2052.0	1
2053.0	1
2054.0	4
2055.0	19
2056.0	90
2057.0	258
2058.0	29
2059.0	19
2060.0	54
2061.0	17
2062.0	27
2063.0	43
2064.0	178
2065.0	106
2066.0	6
2070.0	2
2071.0	43
2072.0	56
2073.0	37
2074.0	41
2075.0	43
2076.0	32
2078.0	7
2079.0	5
2082.0	5
2083.0	38
2084.0	50
2088.0	1
2089.0	1
2091.0	5
2092.0	10
2098.0	12
2099.0	12
2120.0	273
2121.0	8
2127.0	1
2132.0	4
2134.0	3
2137.0	3
2159.0	234
2160.0	211
2161.0	20
2162.0	22
2163.0	12
2164.0	11
2165.0	6
2166.0	62
2167.0	60
2168.0	49
2170.0	12
2171.0	6
2172.0	7
2173.0	2
2174.0	13
2176.0	1
2177.0	6
2178.0	5
2179.0	1
2181.0	1
2182.0	13
2184.0	192
2185.0	160
2186.0	4
2192.0	10
2193.0	17
2194.0	6
2195.0	14
2196.0	88
2197.0	92
2198.0	66
2199.0	78
2200.0	110
2201.0	148
2202.0	88
2203.0	86
2204.0	56
2205.0	22
2206.0	47
2207.0	170
2208.0	114
2209.0	45
2210.0	64
2211.0	146
2212.0	89
2213.0	33
2214.0	12
2215.0	17
2224.0	7
2246.0	10
2249.0	21
2250.0	58
2251.0	14
2252.0	9
2253.0	39
2254.0	72
2255.0	11
2256.0	7
2257.0	9
2258.0	1
2435.0	7
2436.0	8
2437.0	8
2439.0	12
2440.0	18
2456.0	1
2457.0	8
2458.0	9
2459.0	9
2460.0	44
2461.0	65
2462.0	49
2463.0	50
2464.0	31
2465.0	64
2466.0	42
2467.0	12
2468.0	7
2469.0	11
2470.0	7
2479.0	4
2515.0	1
2549.0	25
2557.0	25
2574.0	2
2578.0	14
2579.0	2
2671.0	2
2684.0	13
2826.0	2
2855.0	2
2863.0	1
2864.0	1
2865.0	1
