0.0	830
1.0	1083
2.0	71
3.0	34
4.0	27
5.0	26
6.0	21
7.0	33
8.0	22
9.0	11
10.0	21
11.0	29
12.0	34
13.0	19
14.0	16
15.0	19
16.0	13
17.0	16
18.0	10
19.0	5
20.0	11
21.0	13
22.0	9
23.0	13
24.0	8
25.0	10
26.0	5
27.0	7
28.0	7
29.0	15
30.0	7
31.0	7
32.0	8
33.0	11
34.0	8
35.0	12
36.0	8
37.0	6
38.0	6
39.0	3
40.0	6
41.0	6
42.0	8
43.0	4
44.0	5
45.0	4
46.0	3
47.0	4
48.0	5
49.0	8
50.0	2
51.0	9
52.0	7
53.0	4
54.0	6
55.0	7
56.0	13
57.0	7
58.0	7
59.0	5
60.0	7
61.0	9
62.0	7
63.0	5
64.0	12
65.0	1
66.0	2
67.0	3
68.0	3
69.0	6
70.0	5
71.0	3
72.0	6
73.0	5
74.0	1
75.0	2
76.0	2
77.0	1
78.0	2
79.0	3
80.0	1
81.0	5
82.0	2
83.0	4
84.0	3
85.0	5
86.0	5
87.0	6
88.0	2
89.0	5
90.0	4
91.0	1
93.0	4
94.0	5
95.0	3
96.0	3
97.0	4
98.0	2
99.0	4
100.0	3
101.0	3
102.0	1
103.0	2
104.0	3
105.0	3
107.0	1
109.0	1
110.0	1
111.0	6
112.0	1
113.0	1
115.0	2
116.0	3
117.0	3
118.0	4
119.0	2
120.0	2
121.0	1
122.0	2
125.0	2
126.0	4
127.0	1
129.0	2
130.0	2
131.0	4
132.0	2
133.0	1
134.0	3
135.0	1
136.0	4
137.0	3
138.0	2
139.0	5
140.0	4
141.0	4
142.0	5
143.0	5
144.0	10
145.0	2
146.0	2
147.0	3
148.0	4
150.0	2
151.0	8
152.0	3
153.0	10
154.0	5
155.0	4
158.0	2
159.0	3
160.0	3
161.0	2
162.0	3
163.0	6
164.0	2
165.0	3
166.0	2
167.0	5
168.0	4
169.0	3
170.0	2
171.0	4
172.0	2
173.0	2
174.0	4
175.0	1
176.0	1
177.0	2
178.0	3
180.0	4
181.0	4
182.0	3
183.0	4
184.0	2
185.0	2
186.0	2
187.0	5
188.0	1
189.0	2
190.0	1
191.0	1
192.0	3
193.0	3
194.0	7
195.0	2
196.0	4
197.0	2
198.0	4
199.0	3
200.0	2
201.0	2
202.0	1
203.0	2
204.0	2
205.0	1
206.0	2
207.0	2
208.0	1
209.0	1
210.0	1
211.0	2
212.0	4
213.0	4
215.0	2
219.0	2
224.0	1
229.0	1
233.0	1
236.0	1
238.0	1
241.0	1
247.0	1
249.0	1
251.0	1
255.0	1
258.0	1
262.0	1
263.0	1
264.0	1
270.0	1
276.0	1
305.0	1
