0.0	9083800
1.0	199951
2.0	46786
3.0	18735
4.0	11334
5.0	7432
6.0	6486
7.0	6445
8.0	5091
9.0	3468
10.0	3036
11.0	3640
12.0	2950
13.0	2357
14.0	2838
15.0	2164
16.0	1727
17.0	1897
18.0	2820
19.0	2943
20.0	3571
21.0	2092
22.0	1308
23.0	1291
24.0	1813
25.0	1405
26.0	1000
27.0	1247
28.0	1192
29.0	1045
30.0	1114
31.0	1318
32.0	1206
33.0	1166
34.0	1108
35.0	1092
36.0	1084
37.0	1109
38.0	862
39.0	986
40.0	1082
41.0	1181
42.0	1262
43.0	809
44.0	920
45.0	753
46.0	933
47.0	785
48.0	773
49.0	736
50.0	657
51.0	562
52.0	568
53.0	649
54.0	527
55.0	1004
56.0	769
57.0	500
58.0	548
59.0	748
60.0	719
61.0	737
62.0	581
63.0	511
64.0	634
65.0	566
66.0	455
67.0	507
68.0	566
69.0	725
70.0	604
71.0	646
72.0	620
73.0	619
74.0	562
75.0	574
76.0	658
77.0	882
78.0	1028
79.0	630
80.0	365
81.0	410
82.0	401
83.0	488
84.0	490
85.0	495
86.0	402
87.0	583
88.0	389
89.0	394
90.0	434
91.0	351
92.0	402
93.0	410
94.0	536
95.0	393
96.0	309
97.0	363
98.0	829
99.0	762
100.0	332
101.0	372
102.0	276
103.0	370
104.0	476
105.0	517
106.0	305
107.0	257
108.0	321
109.0	231
110.0	326
111.0	419
112.0	319
113.0	413
114.0	276
115.0	363
116.0	412
117.0	360
118.0	266
119.0	227
120.0	274
121.0	212
122.0	280
123.0	180
124.0	299
125.0	330
126.0	229
127.0	208
128.0	203
129.0	179
130.0	275
131.0	408
132.0	150
133.0	209
134.0	335
135.0	184
136.0	209
137.0	185
138.0	328
139.0	251
140.0	175
141.0	223
142.0	212
143.0	166
144.0	264
145.0	179
146.0	197
147.0	182
148.0	181
149.0	163
150.0	112
151.0	162
152.0	192
153.0	198
154.0	116
155.0	174
156.0	187
157.0	155
158.0	184
159.0	116
160.0	254
161.0	371
162.0	199
163.0	144
164.0	157
165.0	190
166.0	179
167.0	151
168.0	130
169.0	179
170.0	187
171.0	144
172.0	120
173.0	141
174.0	109
175.0	134
176.0	131
177.0	175
178.0	159
179.0	112
180.0	119
181.0	166
182.0	122
183.0	151
184.0	98
185.0	145
186.0	138
187.0	159
188.0	248
189.0	181
190.0	104
191.0	143
192.0	218
193.0	113
194.0	139
195.0	118
196.0	157
197.0	99
198.0	90
199.0	130
200.0	173
201.0	170
202.0	116
203.0	100
204.0	118
205.0	97
206.0	105
207.0	134
208.0	142
209.0	85
210.0	129
211.0	126
212.0	99
213.0	100
214.0	97
215.0	109
216.0	96
217.0	132
218.0	134
219.0	68
220.0	63
221.0	48
222.0	67
223.0	73
224.0	155
225.0	110
226.0	202
227.0	251
228.0	72
229.0	104
230.0	92
231.0	164
232.0	87
233.0	87
234.0	54
235.0	53
236.0	44
237.0	46
238.0	59
239.0	48
240.0	82
241.0	99
242.0	144
243.0	144
244.0	59
245.0	183
246.0	144
247.0	102
248.0	25
249.0	30
250.0	55
251.0	72
252.0	44
253.0	58
254.0	85
255.0	67
256.0	38
257.0	45
258.0	72
259.0	41
260.0	29
261.0	39
262.0	20
263.0	57
264.0	42
265.0	52
266.0	60
267.0	48
268.0	95
269.0	76
270.0	111
271.0	122
272.0	70
273.0	131
274.0	143
275.0	102
276.0	76
277.0	42
278.0	28
279.0	49
280.0	64
281.0	94
282.0	82
283.0	45
284.0	73
285.0	43
286.0	134
287.0	127
288.0	105
289.0	93
290.0	82
291.0	30
292.0	14
293.0	8
294.0	40
295.0	18
296.0	76
297.0	57
298.0	71
299.0	52
300.0	101
301.0	33
302.0	49
303.0	39
304.0	28
305.0	22
306.0	21
307.0	9
308.0	11
309.0	18
310.0	12
311.0	6
312.0	7
313.0	9
314.0	10
315.0	9
316.0	12
317.0	11
318.0	17
319.0	5
320.0	10
321.0	20
322.0	13
323.0	16
324.0	13
325.0	15
326.0	35
327.0	13
328.0	10
329.0	5
330.0	12
331.0	20
332.0	10
333.0	10
334.0	12
335.0	7
336.0	4
337.0	8
338.0	5
339.0	5
340.0	8
341.0	8
342.0	3
343.0	8
344.0	5
345.0	11
346.0	1
347.0	2
348.0	1
349.0	6
350.0	1
354.0	1
