1	6703606
2	445721
3	404403
4	153019
5	122756
6	93650
7	73567
8	57294
9	66547
10	94666
11	37332
12	33793
13	27982
14	25182
15	25949
16	21589
17	20035
18	21577
19	18397
20	19369
21	19845
22	19034
23	21434
24	30658
25	141615
26	18886
27	12605
28	10665
29	9683
30	9733
31	8793
32	8510
33	8362
34	7075
35	7532
36	6890
37	6564
38	6511
39	6573
40	6550
41	6021
42	6181
43	5376
44	5648
45	5571
46	5480
47	5669
48	7167
49	9014
50	32842
51	6941
52	4565
53	3912
54	3836
55	3520
56	3222
57	3746
58	2888
59	3153
60	3200
61	3246
62	3126
63	3375
64	3190
65	3188
66	3283
67	3117
68	3152
69	3350
70	2903
71	3207
72	3333
73	3499
74	4400
75	12644
76	3501
77	2529
78	2172
79	2076
80	1882
81	2030
82	1974
83	1883
84	2061
85	1991
86	1890
87	1970
88	1927
89	2002
90	2044
91	1958
92	1658
93	1581
94	1716
95	1625
96	1762
97	1660
98	1759
99	2239
100	5963
101	2067
102	1521
103	1440
104	1234
105	1199
106	1234
107	1156
108	1092
109	1098
110	1168
111	1104
112	1157
113	1206
114	1012
115	960
116	1028
117	1018
118	972
119	1025
120	960
121	931
122	1016
123	1016
124	1238
125	2659
126	1234
127	924
128	876
129	735
130	720
131	827
132	745
133	671
134	724
135	807
136	769
137	702
138	708
139	666
140	769
141	790
142	839
143	670
144	729
145	683
146	730
147	644
148	707
149	749
150	1630
151	738
152	601
153	467
154	455
155	516
156	518
157	519
158	479
159	486
160	502
161	549
162	462
163	458
164	477
165	546
166	557
167	522
168	497
169	478
170	516
171	516
172	440
173	419
174	473
175	863
176	460
177	425
178	292
179	412
180	308
181	341
182	274
183	305
184	286
185	315
186	351
187	341
188	318
189	377
190	401
191	358
192	289
193	321
194	315
195	306
196	359
197	306
198	307
199	416
200	569
201	383
202	301
203	278
204	194
205	279
206	278
207	260
208	246
209	235
210	246
211	262
212	242
213	233
214	198
215	232
216	302
217	240
218	231
219	310
220	207
221	224
222	281
223	219
224	224
225	388
226	332
227	220
228	217
229	162
230	171
231	224
232	232
233	232
234	186
235	196
236	212
237	198
238	171
239	194
240	217
241	251
242	248
243	173
244	246
245	238
246	208
247	186
248	193
249	313
250	342
251	246
252	209
253	229
254	216
255	185
256	211
257	162
258	141
259	156
260	130
261	157
262	123
263	160
264	138
265	116
266	156
267	147
268	110
269	136
270	119
271	132
272	117
273	116
274	131
275	133
276	115
277	126
278	100
279	92
280	128
281	116
282	130
283	146
284	103
285	104
286	86
287	131
288	107
289	82
290	142
291	156
292	123
293	98
294	120
295	101
296	98
297	69
298	120
299	102
300	139
301	141
302	86
303	79
304	89
305	71
306	62
307	77
308	61
309	105
310	68
311	43
312	81
313	127
314	64
315	75
316	78
317	92
318	82
319	110
320	82
321	77
322	104
323	121
324	107
325	113
326	59
327	103
328	81
329	75
330	71
331	89
332	85
333	144
334	98
335	86
336	46
337	51
338	57
339	63
340	62
341	48
342	51
343	36
344	50
345	40
346	59
347	72
348	57
349	57
350	104
351	73
352	47
353	41
354	76
355	76
356	53
357	61
358	66
359	46
360	53
361	61
362	42
363	52
364	58
365	54
366	55
367	39
368	68
369	31
370	43
371	42
372	41
373	56
374	41
375	88
376	50
377	49
378	66
379	59
380	38
381	38
382	35
383	63
384	59
385	47
386	34
387	42
388	46
389	47
390	55
391	45
392	40
393	71
394	49
395	55
396	40
397	40
398	59
399	35
400	81
401	70
402	30
403	32
404	28
405	37
406	42
407	41
408	46
409	32
410	45
411	32
412	51
413	56
414	34
415	44
416	29
417	45
418	30
419	46
420	38
421	46
422	49
423	34
424	25
425	35
426	40
427	23
428	28
429	49
430	34
431	35
432	45
433	38
434	45
435	36
436	35
437	27
438	34
439	43
440	50
441	21
442	55
443	37
444	48
445	27
446	40
447	24
448	36
449	27
450	27
451	44
452	43
453	44
454	38
455	33
456	41
457	38
458	38
459	36
460	68
461	14
462	21
463	38
464	19
465	20
466	23
467	42
468	29
469	22
470	26
471	39
472	31
473	32
474	37
475	42
476	32
477	20
478	25
479	20
480	47
481	46
482	37
483	22
484	62
485	34
486	36
487	36
488	20
489	34
490	28
491	30
492	25
493	34
494	29
495	28
496	35
497	30
498	37
499	36
500	69
501	39
502	32
503	37
504	24
505	32
506	33
507	33
508	30
509	44
510	21
511	19
512	21
513	24
514	29
515	23
516	22
517	33
518	27
519	22
520	26
521	28
522	18
523	26
524	23
525	25
526	22
527	11
528	22
529	21
530	16
531	35
532	28
533	22
534	15
535	19
536	23
537	18
538	32
539	22
540	26
541	29
542	20
543	19
544	24
545	27
546	25
547	14
548	17
549	19
550	30
551	24
552	20
553	19
554	21
555	22
556	24
557	10
558	27
559	16
560	30
561	20
562	25
563	16
564	10
565	22
566	16
567	26
568	26
569	24
570	25
571	18
572	29
573	14
574	19
575	35
576	24
577	14
578	13
579	21
580	19
581	13
582	18
583	10
584	19
585	11
586	20
587	14
588	18
589	15
590	23
591	9
592	13
593	12
594	14
595	18
596	16
597	16
598	15
599	18
600	24
601	15
602	12
603	18
604	10
605	12
606	20
607	14
608	9
609	12
610	14
611	9
612	30
613	15
614	14
615	14
616	16
617	16
618	8
619	17
620	13
621	21
622	16
623	19
624	10
625	10
626	15
627	12
628	10
629	18
630	11
631	16
632	19
633	14
634	15
635	25
636	12
637	16
638	16
639	18
640	14
641	14
642	13
643	4
644	11
645	22
646	14
647	10
648	20
649	8
650	5
651	23
652	4
653	15
654	11
655	8
656	12
657	11
658	13
659	7
660	19
661	10
662	9
663	12
664	7
665	15
666	11
667	15
668	13
669	11
670	7
671	14
672	17
673	17
674	16
675	6
676	13
677	10
678	8
679	14
680	12
681	14
682	14
683	13
684	13
685	9
686	11
687	16
688	9
689	8
690	7
691	6
692	7
693	13
694	6
695	19
696	5
697	16
698	15
699	7
700	10
701	5
702	14
703	18
704	14
705	12
706	13
707	11
708	9
709	5
710	19
711	5
712	8
713	12
714	11
715	13
716	6
717	8
718	7
719	5
720	7
721	4
722	4
723	8
724	6
725	17
726	4
727	14
728	11
729	9
730	11
731	17
732	12
733	18
734	6
735	8
736	5
737	12
738	10
739	8
740	10
741	10
742	8
743	11
744	10
745	16
746	22
747	8
748	11
749	11
750	12
751	12
752	12
753	19
754	11
755	13
756	22
757	4
758	13
759	16
760	21
761	2
762	11
763	12
764	9
765	10
766	6
767	16
768	5
769	13
770	12
771	8
772	11
773	8
774	10
775	8
776	4
777	9
778	11
779	6
780	5
781	9
782	14
783	7
784	7
785	10
786	16
787	9
788	10
789	11
790	6
791	6
792	8
793	12
794	11
795	9
796	6
797	8
798	8
799	14
800	11
801	12
802	9
803	12
804	17
805	5
806	6
807	8
808	6
809	6
810	7
811	11
812	7
813	7
814	7
815	5
816	6
817	8
818	12
819	6
820	10
821	6
822	9
823	8
824	5
825	10
826	6
827	6
828	2
829	3
830	9
831	4
832	5
833	10
834	8
835	6
836	4
837	4
838	5
839	9
840	5
841	7
842	15
843	8
844	12
845	11
846	7
847	7
848	7
849	7
850	8
851	7
852	6
853	4
854	9
855	3
856	6
857	7
858	6
859	1
860	5
861	5
862	6
863	8
864	5
865	6
866	4
867	2
868	16
869	10
870	6
871	10
872	5
873	5
874	7
875	2
876	4
877	6
878	5
879	6
880	5
881	8
882	3
883	19
884	10
885	10
886	7
887	7
888	6
889	17
890	7
891	4
892	10
893	10
894	5
895	6
896	5
897	8
898	6
899	9
900	8
901	6
902	5
903	7
904	5
905	6
906	3
907	8
908	5
909	10
910	8
911	11
912	8
913	3
914	10
915	3
916	6
917	11
918	4
919	6
920	5
921	6
922	8
923	2
924	2
925	4
926	8
927	9
928	3
929	10
930	2
931	5
932	10
933	2
934	5
935	5
936	7
937	11
938	8
939	2
940	9
941	5
942	7
943	3
944	5
945	6
946	4
947	8
948	2
949	4
950	4
951	8
952	6
953	7
954	5
955	5
956	5
957	6
958	7
959	6
960	11
961	9
962	4
963	13
964	9
965	5
966	4
967	3
968	13
969	7
970	6
971	12
972	2
973	1
974	4
975	8
976	2
977	7
978	14
979	9
980	4
981	5
982	9
983	10
984	6
985	3
986	5
987	4
988	8
989	9
990	11
991	23
992	12
993	8
994	6
995	8
996	10
997	14
998	13
999	25
1000	27
1001	16
1002	15
1003	15
1004	14
1005	15
1006	21
1007	7
1008	19
1009	13
1010	12
1011	14
1012	15
1013	10
1014	11
1015	4
1016	6
1017	9
1018	6
1019	9
1020	10
1021	8
1022	6
1023	10
1024	11
1025	9
1026	8
1027	5
1028	3
1029	10
1030	5
1031	7
1032	12
1033	6
1034	10
1035	7
1036	11
1037	6
1038	3
1039	7
1040	7
1041	9
1042	6
1043	5
1044	7
1045	5
1046	6
1047	7
1048	8
1049	3
1050	5
1051	7
1052	4
1053	3
1054	4
1055	11
1056	8
1057	6
1058	3
1059	7
1060	7
1061	6
1062	7
1063	9
1064	4
1065	6
1066	7
1067	5
1068	6
1069	8
1070	8
1071	4
1072	5
1073	3
1074	7
1075	7
1076	5
1077	4
1078	7
1079	10
1080	5
1081	5
1082	4
1083	7
1084	5
1085	5
1086	6
1087	3
1088	6
1089	2
1090	3
1091	8
1092	4
1093	5
1094	1
1095	7
1096	1
1097	4
1098	1
1099	4
1100	4
1101	9
1102	3
1103	6
1104	4
1105	2
1106	4
1107	3
1108	6
1109	6
1110	2
1111	6
1112	3
1114	7
1115	9
1116	9
1117	5
1118	6
1119	5
1120	6
1121	3
1122	3
1123	7
1124	8
1125	7
1126	3
1127	2
1128	1
1129	6
1130	4
1131	4
1132	1
1133	4
1134	4
1135	3
1136	3
1137	4
1138	5
1139	3
1140	6
1141	6
1142	2
1143	1
1144	3
1145	8
1146	2
1147	5
1148	7
1149	5
1150	4
1151	3
1152	4
1153	1
1154	5
1155	4
1156	3
1157	1
1158	3
1159	1
1160	2
1161	1
1162	3
1163	5
1164	1
1165	2
1166	6
1167	3
1168	2
1169	4
1170	4
1171	5
1172	8
1173	4
1174	5
1175	3
1176	4
1177	3
1178	2
1179	2
1180	4
1181	4
1182	3
1183	4
1184	4
1185	3
1186	1
1187	3
1188	2
1190	3
1191	1
1192	4
1193	3
1194	4
1195	4
1196	2
1197	3
1198	4
1199	2
1200	2
1201	5
1202	3
1203	2
1205	2
1206	1
1207	2
1208	1
1209	3
1210	2
1211	3
1212	3
1213	4
1214	3
1215	8
1216	3
1217	4
1219	5
1220	8
1221	2
1222	8
1223	2
1224	3
1225	1
1226	4
1227	2
1228	5
1229	3
1231	2
1232	1
1234	4
1235	3
1236	4
1238	2
1239	3
1240	2
1241	3
1242	2
1243	4
1244	3
1245	4
1246	1
1247	3
1248	3
1249	2
1250	5
1251	2
1252	4
1253	3
1254	3
1255	6
1256	3
1257	4
1258	3
1259	2
1260	4
1261	2
1262	3
1263	1
1264	6
1265	4
1266	5
1267	2
1268	5
1269	2
1270	4
1271	6
1272	3
1273	1
1274	3
1276	5
1277	2
1278	4
1279	2
1280	2
1281	1
1282	4
1283	1
1284	2
1285	2
1286	9
1288	4
1289	3
1290	3
1291	1
1292	2
1293	4
1294	1
1296	2
1297	4
1298	2
1299	3
1300	5
1301	7
1302	3
1303	3
1305	2
1306	5
1307	1
1308	3
1309	5
1310	2
1311	1
1312	3
1313	3
1314	7
1315	4
1316	5
1318	4
1319	3
1320	1
1321	6
1322	3
1323	2
1324	7
1325	1
1326	4
1327	4
1328	5
1329	3
1330	2
1331	5
1332	3
1333	4
1334	4
1335	6
1336	3
1337	4
1338	2
1340	1
1341	1
1342	3
1343	4
1344	2
1345	4
1346	7
1347	1
1348	1
1349	2
1350	3
1351	2
1352	1
1353	2
1354	3
1355	8
1356	2
1357	3
1358	1
1359	1
1360	1
1361	4
1362	4
1363	3
1364	1
1365	4
1366	3
1367	3
1368	3
1369	3
1370	1
1371	1
1372	4
1373	5
1374	3
1376	5
1377	2
1379	1
1380	5
1381	1
1382	2
1383	1
1386	1
1387	2
1388	1
1389	3
1390	2
1391	3
1393	1
1394	3
1395	2
1396	1
1397	2
1398	5
1399	2
1400	5
1401	1
1402	3
1403	3
1404	1
1405	4
1406	3
1407	3
1409	2
1410	3
1411	3
1412	1
1413	1
1414	4
1415	2
1416	1
1417	2
1418	2
1419	1
1420	4
1421	3
1422	2
1424	2
1425	2
1426	2
1427	4
1428	2
1429	2
1430	1
1431	3
1432	2
1433	1
1434	4
1435	2
1436	1
1437	1
1438	2
1439	2
1440	4
1441	3
1442	2
1443	4
1444	3
1445	3
1446	4
1447	5
1448	1
1449	1
1450	2
1451	1
1452	2
1453	4
1454	1
1455	3
1456	3
1457	1
1459	3
1461	8
1462	1
1463	4
1464	5
1465	3
1466	2
1467	2
1468	1
1469	2
1470	2
1471	2
1472	3
1473	2
1474	4
1476	5
1477	3
1478	1
1480	4
1481	4
1482	4
1483	1
1485	2
1486	1
1487	2
1488	2
1489	3
1490	3
1491	4
1492	2
1493	1
1494	2
1495	2
1496	3
1497	4
1498	6
1499	1
1500	5
1501	3
1502	5
1503	2
1504	3
1505	2
1506	2
1507	3
1508	1
1509	3
1510	5
1511	2
1512	3
1513	2
1514	4
1515	4
1516	3
1517	2
1518	2
1519	2
1521	5
1522	5
1524	1
1525	2
1526	5
1527	1
1528	2
1529	3
1530	2
1531	3
1532	2
1533	2
1534	2
1535	3
1536	1
1537	1
1538	1
1539	2
1540	2
1541	4
1542	2
1543	1
1544	2
1545	3
1546	1
1547	6
1548	3
1549	4
1551	2
1553	3
1554	3
1555	3
1556	2
1557	2
1559	3
1560	2
1561	2
1562	7
1563	1
1566	1
1567	5
1568	4
1569	1
1571	6
1572	4
1573	2
1574	2
1575	2
1576	1
1577	1
1578	2
1579	2
1580	3
1582	2
1583	2
1584	2
1585	1
1586	1
1587	1
1588	1
1590	2
1592	8
1593	4
1594	2
1595	1
1596	2
1597	2
1598	1
1599	1
1600	3
1601	2
1602	2
1603	4
1604	3
1605	1
1606	5
1607	2
1608	3
1609	2
1610	1
1611	1
1612	3
1614	7
1615	1
1616	3
1617	3
1618	2
1619	3
1621	1
1622	1
1623	2
1624	4
1625	1
1626	8
1627	2
1628	3
1630	3
1631	3
1632	3
1633	2
1634	2
1635	1
1636	1
1637	2
1638	3
1639	1
1640	1
1641	1
1642	2
1643	2
1644	2
1645	5
1646	1
1647	6
1648	5
1649	5
1650	4
1652	2
1653	3
1654	4
1655	1
1656	1
1657	3
1658	2
1659	1
1660	2
1661	3
1663	4
1664	2
1665	6
1666	3
1667	1
1668	1
1670	2
1671	3
1672	1
1673	1
1674	2
1675	1
1676	2
1677	2
1678	1
1679	3
1680	1
1681	2
1682	4
1683	3
1686	2
1687	1
1688	1
1689	5
1690	1
1691	1
1692	2
1693	4
1694	3
1695	2
1696	2
1697	3
1699	1
1700	3
1701	1
1702	3
1703	1
1704	4
1705	1
1707	1
1708	3
1710	1
1714	1
1716	2
1717	4
1718	1
1719	1
1721	3
1722	2
1724	1
1726	2
1727	1
1728	2
1729	2
1730	1
1731	1
1732	1
1733	1
1734	1
1737	3
1738	1
1739	1
1740	1
1741	1
1743	4
1744	2
1745	1
1746	2
1747	3
1748	2
1749	1
1750	3
1751	3
1752	4
1753	2
1754	1
1756	1
1758	1
1759	3
1760	2
1761	1
1762	2
1764	1
1765	3
1766	2
1767	2
1769	2
1770	1
1773	1
1774	1
1775	1
1776	2
1777	4
1779	2
1780	2
1781	1
1782	2
1783	2
1784	3
1785	2
1786	1
1787	1
1790	1
1791	1
1792	3
1794	1
1795	4
1796	1
1797	2
1798	2
1799	2
1800	1
1801	1
1802	4
1803	2
1804	3
1805	1
1806	3
1807	2
1809	1
1810	2
1811	2
1813	2
1814	3
1815	2
1816	2
1817	1
1818	2
1821	3
1822	2
1823	1
1824	1
1825	1
1826	1
1827	4
1829	3
1830	1
1832	3
1833	1
1834	1
1835	2
1837	5
1840	2
1841	2
1844	4
1845	4
1846	2
1847	1
1848	2
1849	1
1850	3
1851	2
1852	2
1853	1
1854	2
1855	1
1856	1
1857	2
1859	1
1860	1
1861	3
1862	2
1864	1
1865	2
1867	3
1868	1
1870	2
1871	1
1872	2
1873	2
1874	1
1875	1
1876	1
1877	1
1878	4
1879	1
1880	1
1881	1
1882	3
1884	1
1886	5
1887	2
1888	5
1889	1
1890	5
1891	4
1892	3
1893	1
1894	4
1895	2
1896	4
1897	1
1898	1
1899	1
1902	2
1903	1
1904	2
1907	1
1908	2
1910	3
1911	1
1913	1
1914	2
1915	1
1917	4
1919	3
1920	1
1921	2
1922	3
1923	2
1924	5
1925	4
1926	4
1927	3
1928	2
1930	1
1931	1
1932	3
1934	5
1935	3
1936	3
1938	2
1939	4
1941	2
1942	2
1943	1
1944	1
1945	1
1947	3
1948	1
1949	2
1950	2
1952	2
1953	3
1954	2
1955	4
1956	2
1957	1
1958	1
1960	2
1961	1
1962	1
1963	3
1964	4
1965	1
1966	1
1969	3
1970	2
1971	1
1972	1
1973	3
1974	2
1975	2
1976	3
1977	2
1978	1
1979	1
1980	2
1981	2
1982	1
1983	5
1984	3
1988	2
1989	1
1990	3
1991	4
1992	1
1994	1
1995	1
1996	2
1997	3
1998	1
1999	3
2000	11
2001	6
2002	5
2003	3
2004	3
2005	3
2006	7
2007	6
2008	1
2009	5
2010	2
2011	3
2012	7
2013	1
2014	2
2015	5
2016	1
2017	2
2019	2
2020	2
2021	5
2022	2
2023	3
2024	2
2025	3
2026	2
2027	7
2028	8
2029	2
2030	2
2031	3
2032	5
2034	2
2035	3
2036	5
2037	5
2038	3
2040	3
2041	2
2042	3
2043	3
2044	1
2045	4
2046	6
2047	3
2048	3
2050	3
2051	5
2052	1
2053	1
2054	3
2055	2
2056	1
2057	4
2058	1
2059	3
2060	2
2061	3
2063	1
2064	2
2065	3
2066	1
2067	2
2068	3
2069	2
2070	1
2071	5
2072	5
2073	3
2074	4
2075	1
2076	2
2078	1
2081	2
2082	3
2083	3
2084	1
2086	2
2087	2
2089	1
2090	2
2091	5
2092	1
2093	4
2094	2
2095	1
2096	1
2098	1
2099	2
2100	1
2101	2
2103	3
2104	3
2105	2
2106	2
2107	2
2108	3
2109	2
2111	4
2112	2
2113	3
2114	4
2115	1
2116	1
2117	1
2118	2
2120	3
2121	1
2123	3
2124	1
2125	3
2126	8
2127	1
2128	1
2129	2
2130	3
2131	3
2133	1
2134	2
2135	1
2136	1
2137	2
2138	2
2139	2
2140	1
2142	4
2143	2
2144	1
2145	2
2146	1
2150	2
2154	2
2155	1
2156	2
2158	5
2161	2
2162	1
2163	3
2164	3
2165	1
2166	3
2167	3
2168	1
2169	1
2170	2
2172	1
2173	2
2174	3
2175	1
2176	1
2177	1
2179	2
2180	2
2181	1
2182	1
2184	2
2186	2
2187	2
2188	1
2189	1
2191	2
2192	6
2193	2
2194	2
2196	1
2197	2
2198	4
2199	3
2201	3
2205	2
2206	3
2207	1
2209	2
2210	4
2214	1
2215	6
2217	2
2219	1
2220	1
2221	1
2222	1
2223	3
2224	2
2225	4
2226	1
2227	3
2228	1
2229	3
2230	2
2231	1
2233	2
2235	2
2236	2
2239	2
2241	1
2242	2
2243	2
2245	3
2246	2
2247	2
2249	1
2250	1
2251	1
2252	1
2253	1
2254	2
2256	1
2257	3
2258	2
2259	2
2261	1
2262	5
2263	2
2265	1
2267	2
2268	1
2270	1
2271	1
2276	1
2278	3
2279	1
2280	1
2281	1
2283	1
2284	4
2285	2
2286	2
2288	3
2289	1
2290	2
2292	2
2293	3
2294	3
2298	1
2299	2
2300	1
2301	3
2303	2
2304	1
2305	3
2306	1
2307	4
2308	1
2309	1
2312	2
2313	1
2314	3
2316	1
2317	1
2318	1
2319	1
2320	3
2323	2
2324	2
2326	1
2327	1
2328	1
2329	2
2331	4
2332	2
2333	1
2335	1
2337	3
2338	1
2341	1
2342	1
2343	3
2344	1
2345	2
2348	3
2349	3
2351	1
2356	1
2359	1
2360	1
2364	2
2366	1
2367	1
2368	1
2369	1
2371	1
2374	2
2375	1
2376	1
2377	1
2379	2
2380	1
2381	1
2383	1
2385	1
2386	1
2387	1
2388	3
2391	1
2393	1
2394	1
2395	1
2396	4
2399	2
2400	1
2401	1
2403	2
2407	2
2408	1
2411	1
2412	2
2414	5
2416	1
2418	1
2419	2
2421	1
2422	1
2424	2
2427	2
2429	1
2430	1
2432	2
2433	1
2434	2
2436	1
2437	1
2438	1
2440	1
2442	2
2443	1
2444	2
2445	4
2446	1
2450	1
2451	3
2453	1
2454	4
2456	2
2458	1
2459	3
2465	2
2466	1
2469	3
2472	2
2473	1
2475	1
2479	1
2480	2
2481	3
2482	1
2484	1
2485	2
2486	1
2488	1
2489	2
2491	1
2494	1
2496	2
2498	2
2499	1
2500	1
2501	5
2502	1
2503	1
2504	3
2506	2
2509	1
2511	2
2512	1
2513	2
2515	2
2516	1
2518	1
2521	1
2523	3
2524	1
2526	3
2527	1
2530	1
2531	1
2532	2
2533	1
2535	1
2536	1
2537	1
2539	3
2540	1
2541	1
2542	2
2543	3
2544	3
2545	3
2546	1
2547	1
2548	4
2549	2
2551	3
2552	4
2553	1
2554	2
2555	2
2556	1
2558	2
2560	2
2561	1
2562	1
2563	1
2564	1
2565	1
2566	1
2567	1
2568	1
2569	1
2570	1
2572	1
2573	1
2574	1
2576	1
2577	1
2578	2
2579	3
2580	2
2581	1
2582	4
2584	3
2585	3
2587	3
2589	1
2590	1
2592	2
2594	2
2595	2
2596	2
2597	1
2598	3
2600	1
2601	3
2604	1
2605	1
2608	1
2610	1
2613	4
2614	1
2616	1
2619	1
2620	1
2622	1
2623	3
2625	1
2626	3
2627	1
2628	1
2630	1
2631	2
2632	2
2635	2
2636	1
2637	3
2638	1
2639	1
2641	2
2643	1
2646	2
2647	1
2649	1
2650	2
2654	2
2655	1
2656	1
2657	1
2658	1
2660	2
2661	1
2662	3
2667	1
2669	1
2670	1
2671	3
2672	1
2673	1
2674	1
2675	1
2676	2
2677	3
2678	1
2679	1
2680	1
2682	1
2684	2
2685	1
2688	1
2689	2
2690	1
2691	2
2692	1
2694	1
2695	2
2697	1
2699	1
2700	2
2701	2
2702	2
2704	1
2705	1
2706	3
2709	1
2710	2
2711	2
2712	3
2714	1
2715	1
2716	1
2717	2
2719	1
2720	1
2723	1
2724	1
2725	2
2726	1
2728	1
2729	1
2732	1
2733	1
2734	1
2736	1
2737	1
2738	1
2740	1
2743	1
2746	2
2747	3
2749	1
2751	1
2752	2
2755	1
2757	3
2759	1
2761	1
2762	1
2764	1
2765	1
2766	1
2768	2
2769	1
2771	1
2775	1
2776	2
2778	1
2779	1
2784	1
2785	1
2786	1
2789	2
2790	2
2791	1
2792	1
2793	3
2796	3
2798	1
2799	1
2800	2
2803	2
2805	3
2806	1
2809	1
2810	1
2811	1
2816	3
2822	1
2823	3
2825	1
2826	1
2827	1
2828	1
2829	2
2834	1
2835	2
2836	1
2839	1
2840	1
2842	2
2846	1
2848	1
2849	1
2852	2
2853	2
2855	1
2858	2
2859	1
2862	1
2866	1
2869	1
2870	2
2871	1
2874	3
2875	2
2880	1
2884	2
2885	1
2886	2
2887	2
2888	1
2889	2
2890	2
2891	2
2894	1
2895	1
2898	1
2899	3
2903	4
2904	1
2906	2
2907	1
2908	1
2912	1
2913	1
2914	3
2915	1
2916	4
2918	1
2919	1
2922	2
2923	2
2924	1
2925	1
2926	3
2928	2
2929	2
2932	2
2933	1
2934	1
2936	2
2937	2
2938	3
2939	2
2941	1
2943	3
2944	1
2945	1
2946	3
2947	1
2949	2
2951	1
2953	2
2954	1
2955	1
2956	1
2957	4
2958	1
2959	2
2961	2
2966	3
2968	2
2970	1
2973	1
2975	2
2976	1
2978	2
2982	2
2983	2
2985	4
2986	2
2988	1
2989	1
2994	1
2996	1
2997	1
3000	3
3001	1
3002	2
3003	2
3004	2
3005	2
3006	3
3007	1
3008	1
3009	2
3010	2
3013	3
3014	1
3015	1
3017	3
3018	3
3020	1
3021	1
3022	3
3023	1
3026	1
3027	3
3028	3
3029	2
3031	1
3033	2
3036	1
3037	1
3038	2
3039	2
3040	1
3041	1
3042	2
3043	1
3045	2
3048	1
3049	3
3050	1
3053	2
3054	3
3055	1
3058	3
3059	1
3060	1
3061	1
3062	3
3064	1
3065	1
3066	2
3070	3
3071	3
3072	2
3073	1
3076	2
3077	1
3078	3
3079	2
3081	1
3082	2
3083	1
3084	2
3085	1
3089	1
3091	1
3096	1
3097	2
3098	3
3099	1
3100	1
3103	1
3106	1
3110	1
3112	1
3113	2
3115	2
3116	1
3117	3
3119	4
3121	1
3122	3
3123	1
3124	1
3125	2
3127	2
3128	2
3129	1
3130	2
3131	2
3132	1
3133	2
3136	3
3137	1
3138	1
3140	3
3145	1
3146	3
3152	1
3153	1
3154	2
3156	2
3157	1
3160	1
3162	1
3167	3
3168	1
3170	2
3171	1
3172	1
3173	1
3175	1
3176	2
3179	1
3182	3
3183	2
3184	1
3185	2
3186	1
3188	1
3190	1
3191	3
3192	1
3193	1
3197	1
3198	1
3203	1
3205	1
3207	1
3208	1
3210	1
3211	1
3212	1
3213	1
3217	1
3218	1
3219	1
3221	2
3222	1
3224	1
3227	2
3230	1
3232	2
3234	4
3235	1
3236	1
3238	1
3240	1
3242	1
3244	2
3246	1
3248	1
3250	1
3251	2
3252	2
3255	1
3259	1
3262	1
3265	1
3268	1
3271	1
3273	1
3274	5
3275	1
3276	1
3277	2
3278	3
3281	1
3282	1
3284	1
3285	1
3286	1
3288	2
3290	4
3291	1
3292	1
3293	1
3294	1
3295	1
3296	1
3298	2
3299	1
3302	1
3303	1
3305	4
3306	1
3308	1
3309	1
3310	1
3311	1
3314	2
3316	2
3317	2
3320	1
3321	1
3325	1
3326	1
3327	1
3331	1
3332	1
3333	1
3334	1
3335	1
3336	1
3337	1
3341	1
3345	1
3346	1
3347	1
3348	1
3349	1
3350	1
3351	2
3352	1
3353	1
3355	1
3356	1
3357	2
3358	1
3361	1
3362	1
3365	1
3368	2
3369	1
3372	1
3373	1
3374	1
3377	1
3379	1
3380	2
3381	1
3385	2
3387	1
3388	1
3389	1
3390	1
3392	2
3393	1
3394	3
3396	2
3397	1
3398	4
3400	2
3401	1
3403	1
3404	2
3405	2
3407	1
3409	1
3416	1
3420	1
3426	1
3427	1
3430	1
3431	1
3432	1
3435	1
3437	2
3438	1
3440	1
3442	1
3443	2
3448	3
3457	1
3459	1
3460	1
3462	1
3463	1
3466	1
3467	1
3468	2
3469	1
3476	1
3477	1
3480	2
3484	1
3487	2
3488	1
3489	1
3490	1
3491	1
3496	2
3498	1
3499	1
3501	1
3503	1
3505	1
3506	1
3507	1
3508	1
3509	2
3511	1
3516	1
3519	1
3521	1
3522	1
3524	2
3525	2
3527	1
3528	1
3532	1
3533	1
3534	1
3535	2
3536	1
3537	2
3541	1
3544	2
3546	1
3547	1
3548	1
3551	1
3552	1
3560	1
3562	2
3569	1
3571	2
3572	1
3578	1
3579	1
3584	1
3585	2
3586	1
3587	1
3590	2
3594	1
3600	1
3601	1
3602	2
3607	1
3608	2
3609	2
3610	1
3613	1
3614	2
3616	1
3618	2
3620	1
3621	1
3624	1
3625	1
3627	2
3628	1
3630	1
3637	1
3639	2
3643	1
3645	1
3646	2
3647	2
3649	1
3652	1
3654	1
3658	1
3659	2
3660	3
3662	1
3664	1
3667	2
3668	1
3670	1
3671	1
3673	2
3674	1
3675	1
3676	1
3679	1
3681	1
3685	1
3686	1
3689	1
3690	3
3691	1
3695	1
3696	1
3706	1
3707	1
3711	1
3713	1
3714	1
3715	3
3723	1
3724	1
3726	2
3730	2
3731	1
3732	1
3733	1
3736	3
3738	1
3740	1
3743	1
3746	1
3748	1
3751	1
3752	1
3753	1
3754	1
3755	1
3757	1
3758	1
3760	3
3761	2
3762	1
3767	1
3769	1
3772	1
3775	1
3776	1
3778	2
3781	1
3782	3
3784	1
3785	1
3786	1
3788	1
3791	1
3795	1
3797	1
3798	1
3799	2
3803	2
3804	1
3805	1
3808	1
3809	2
3810	1
3816	2
3822	1
3824	1
3826	1
3828	1
3829	2
3831	1
3832	1
3833	3
3834	1
3836	1
3840	1
3841	2
3844	2
3849	1
3852	1
3856	1
3857	1
3860	2
3861	1
3863	2
3864	1
3867	2
3868	1
3870	2
3872	1
3873	2
3874	1
3875	1
3878	1
3883	2
3884	1
3886	2
3896	1
3898	1
3903	1
3904	1
3907	1
3909	1
3912	1
3915	1
3920	1
3924	2
3926	1
3929	1
3931	2
3932	1
3934	1
3936	1
3938	1
3939	1
3940	1
3942	1
3943	2
3945	1
3947	1
3948	1
3949	1
3951	1
3954	1
3956	3
3958	1
3960	2
3962	1
3964	3
3966	1
3969	1
3973	1
3976	3
3977	2
3978	1
3980	1
3981	1
3982	1
3984	2
3988	2
3998	1
3999	1
4002	1
4003	1
4004	1
4006	1
4007	1
4014	1
4015	1
4017	3
4018	1
4019	1
4020	1
4021	1
4022	2
4025	1
4026	1
4029	2
4030	1
4031	1
4032	1
4034	1
4036	1
4037	1
4038	1
4039	1
4041	1
4042	1
4043	1
4044	2
4047	3
4050	3
4052	1
4054	1
4055	1
4056	1
4061	1
4064	1
4065	1
4069	1
4070	2
4072	3
4073	1
4076	1
4077	2
4081	1
4091	3
4092	1
4093	1
4094	1
4095	1
4097	2
4098	1
4099	1
4100	1
4101	1
4102	1
4106	1
4108	3
4113	1
4114	1
4116	1
4117	2
4119	1
4122	2
4123	2
4127	1
4128	1
4132	1
4135	1
4143	1
4145	2
4149	1
4150	2
4151	1
4155	1
4159	1
4160	2
4162	1
4163	1
4164	3
4166	3
4168	2
4170	1
4174	1
4178	1
4179	1
4181	2
4183	1
4184	1
4186	1
4195	3
4198	1
4200	1
4201	2
4202	1
4203	1
4207	1
4208	1
4211	1
4212	2
4214	1
4215	1
4217	3
4219	2
4220	1
4223	1
4224	1
4225	1
4228	1
4231	2
4235	1
4238	2
4239	1
4243	1
4244	1
4256	1
4259	1
4260	1
4261	1
4266	2
4270	1
4271	2
4275	2
4276	1
4279	1
4286	2
4288	1
4289	2
4298	1
4300	1
4301	1
4304	2
4308	1
4309	1
4310	1
4312	3
4314	1
4317	1
4327	1
4328	1
4329	2
4331	1
4333	1
4335	1
4341	1
4343	1
4345	2
4349	1
4350	1
4353	1
4354	1
4363	3
4365	1
4367	1
4372	1
4376	1
4378	1
4379	1
4381	1
4382	1
4385	1
4388	1
4391	1
4394	3
4396	3
4398	2
4399	1
4400	1
4402	1
4403	1
4405	1
4406	1
4407	1
4408	1
4409	2
4414	1
4415	1
4418	2
4419	1
4421	1
4422	1
4427	1
4432	1
4435	1
4438	1
4444	1
4448	1
4449	3
4452	1
4453	2
4454	1
4456	1
4457	2
4458	4
4459	1
4462	1
4464	1
4465	1
4467	1
4468	1
4469	1
4471	1
4473	1
4476	1
4478	1
4491	1
4495	1
4496	2
4497	1
4498	1
4499	1
4501	1
4502	1
4503	1
4505	2
4508	1
4509	1
4512	1
4515	1
4519	1
4521	2
4526	1
4527	1
4532	1
4533	1
4535	1
4536	1
4538	1
4544	1
4547	1
4549	1
4550	1
4553	1
4555	1
4556	1
4560	2
4561	1
4563	1
4566	1
4567	2
4569	1
4574	1
4576	1
4578	1
4586	1
4587	1
4593	1
4594	1
4595	1
4597	1
4599	1
4610	1
4615	2
4617	1
4619	1
4633	1
4635	1
4638	3
4639	1
4643	1
4645	1
4646	1
4647	1
4651	1
4652	1
4653	1
4654	1
4658	1
4661	1
4664	1
4665	1
4670	1
4676	1
4677	1
4678	1
4680	1
4682	1
4686	2
4687	1
4689	2
4693	1
4694	1
4698	1
4700	1
4701	2
4702	2
4705	1
4706	1
4710	1
4712	2
4715	1
4721	1
4725	1
4730	1
4731	1
4733	1
4735	1
4736	1
4742	1
4748	1
4752	1
4758	1
4761	1
4762	1
4766	1
4772	2
4773	1
4783	1
4785	1
4786	1
4787	1
4789	1
4790	2
4796	1
4799	1
4801	1
4803	3
4805	1
4807	1
4809	1
4810	1
4811	1
4816	1
4818	1
4820	1
4822	2
4823	1
4825	1
4827	1
4830	1
4832	1
4835	2
4840	1
4843	1
4844	1
4845	1
4847	2
4852	1
4853	1
4854	1
4855	1
4862	1
4867	1
4870	2
4871	1
4873	1
4876	1
4880	1
4881	1
4882	1
4884	1
4890	1
4899	1
4900	1
4903	1
4904	1
4905	1
4906	1
4910	1
4913	1
4914	2
4915	2
4918	1
4920	1
4922	1
4923	1
4925	2
4931	1
4933	1
4934	1
4935	1
4936	2
4937	1
4938	1
4939	1
4940	1
4942	1
4946	1
4949	1
4950	1
4959	2
4963	1
4969	1
4974	2
4975	1
4979	2
4980	1
4983	2
4984	1
4989	2
4995	1
4997	2
5001	1
5004	1
5005	1
5008	1
5010	2
5013	1
5015	1
5016	2
5017	1
5019	1
5023	1
5024	1
5025	2
5026	1
5035	1
5037	2
5041	2
5042	1
5043	2
5045	3
5046	1
5048	1
5049	2
5050	2
5051	2
5055	1
5056	2
5057	1
5058	2
5059	1
5061	1
5066	2
5067	1
5070	1
5071	1
5073	1
5078	1
5081	1
5082	1
5083	1
5085	1
5086	1
5089	2
5091	1
5092	1
5094	1
5097	1
5098	1
5103	2
5107	1
5108	1
5112	1
5116	2
5117	1
5118	1
5119	1
5126	1
5132	1
5133	2
5134	1
5135	1
5137	1
5138	1
5141	1
5144	2
5145	1
5151	2
5152	1
5153	1
5156	1
5163	1
5164	2
5167	2
5169	1
5170	2
5175	1
5185	2
5186	1
5189	1
5194	2
5195	1
5196	1
5197	1
5198	1
5201	1
5202	2
5204	1
5206	1
5210	3
5211	1
5213	1
5217	2
5221	1
5223	2
5224	1
5225	1
5226	2
5228	1
5231	1
5233	1
5234	2
5237	1
5239	1
5240	1
5242	2
5243	1
5245	1
5247	1
5256	1
5258	1
5260	2
5261	2
5264	1
5271	2
5275	2
5280	2
5281	1
5284	1
5291	1
5293	1
5294	2
5304	1
5306	1
5307	2
5312	1
5313	1
5314	1
5316	1
5317	1
5319	1
5321	1
5323	1
5325	1
5326	2
5333	1
5334	1
5336	1
5338	3
5339	1
5340	1
5341	1
5345	1
5352	3
5353	1
5358	1
5362	1
5365	1
5366	1
5373	1
5374	2
5376	1
5378	1
5379	1
5381	1
5389	2
5390	1
5391	1
5393	1
5394	2
5399	1
5402	1
5403	1
5406	1
5408	2
5409	1
5414	1
5417	1
5421	1
5425	1
5431	1
5436	1
5438	2
5446	3
5447	1
5449	2
5451	2
5455	1
5459	1
5463	1
5470	1
5471	1
5477	1
5480	1
5483	2
5484	2
5487	1
5489	1
5495	1
5496	1
5497	1
5498	1
5501	2
5506	1
5508	1
5513	1
5515	1
5517	1
5519	1
5527	1
5528	2
5537	1
5541	2
5543	1
5546	1
5547	1
5550	2
5555	1
5556	1
5558	1
5560	1
5561	1
5562	1
5564	2
5570	1
5574	1
5586	1
5592	1
5593	1
5595	1
5597	1
5599	1
5601	1
5602	1
5603	1
5610	1
5612	1
5618	1
5619	1
5622	1
5625	2
5629	1
5635	1
5640	1
5642	1
5645	1
5651	1
5652	1
5654	1
5655	1
5660	2
5665	1
5671	1
5672	1
5673	1
5679	2
5680	1
5682	1
5684	1
5686	2
5687	1
5688	1
5698	1
5699	1
5702	2
5706	1
5707	1
5715	1
5716	1
5732	1
5736	1
5737	1
5738	1
5739	1
5740	1
5742	1
5748	1
5749	1
5750	1
5753	1
5756	2
5761	1
5764	1
5769	1
5778	2
5781	1
5785	1
5795	1
5798	1
5799	1
5803	1
5804	1
5805	2
5806	1
5815	1
5823	1
5825	1
5826	1
5830	1
5831	2
5832	1
5835	1
5837	3
5840	1
5842	1
5843	1
5848	1
5851	1
5856	2
5857	1
5866	1
5868	3
5871	1
5872	1
5874	1
5884	1
5886	1
5890	1
5893	1
5894	1
5895	1
5897	1
5898	1
5901	2
5905	1
5912	1
5916	2
5920	2
5924	1
5926	1
5927	1
5928	1
5933	1
5935	1
5936	1
5938	2
5943	1
5945	1
5946	1
5947	1
5948	1
5953	1
5957	1
5959	3
5965	1
5970	1
5973	1
5977	1
5978	1
5984	1
5987	1
5988	1
5991	1
5992	1
5997	1
6009	1
6013	1
6016	1
6021	1
6027	1
6029	1
6039	1
6040	1
6042	2
6044	1
6054	1
6060	1
6061	1
6067	1
6068	1
6069	1
6074	1
6076	1
6077	1
6078	1
6080	1
6081	1
6082	1
6084	1
6096	1
6097	2
6098	2
6101	1
6102	1
6116	1
6118	1
6121	1
6122	1
6126	2
6133	1
6145	1
6150	1
6151	1
6154	2
6166	1
6167	1
6168	1
6174	1
6178	1
6180	1
6181	2
6184	1
6185	2
6187	1
6190	1
6192	1
6199	1
6200	1
6202	1
6207	1
6209	1
6210	2
6212	1
6220	1
6221	1
6222	1
6224	1
6225	1
6230	1
6245	1
6251	1
6270	2
6272	1
6274	1
6280	1
6286	1
6288	1
6290	1
6292	1
6299	1
6302	1
6305	1
6309	1
6315	1
6319	1
6320	1
6329	1
6338	1
6340	1
6344	1
6345	1
6346	1
6354	1
6356	1
6357	1
6358	2
6367	1
6376	1
6377	1
6380	1
6382	1
6383	1
6388	1
6393	1
6394	1
6399	1
6400	2
6406	1
6408	1
6410	1
6415	2
6423	1
6434	1
6435	1
6436	1
6445	1
6453	1
6454	1
6455	1
6457	1
6467	1
6468	1
6470	1
6474	1
6475	1
6480	1
6483	1
6486	1
6488	1
6492	2
6495	1
6500	1
6503	1
6506	1
6508	1
6510	1
6514	1
6516	1
6517	1
6522	1
6540	1
6565	1
6569	1
6572	2
6573	1
6575	1
6577	1
6586	2
6597	1
6601	1
6603	1
6607	1
6608	1
6610	1
6612	1
6617	1
6623	1
6629	1
6632	1
6633	1
6637	1
6642	1
6644	1
6647	1
6661	1
6662	1
6666	1
6670	1
6688	1
6698	2
6702	1
6704	1
6710	1
6719	1
6731	1
6737	2
6740	1
6745	1
6765	1
6766	1
6771	1
6773	1
6774	1
6776	1
6780	2
6785	3
6787	1
6788	1
6800	1
6802	2
6811	1
6812	3
6815	1
6819	1
6821	1
6832	1
6834	2
6835	2
6836	2
6837	1
6842	1
6845	1
6849	1
6850	1
6853	1
6856	1
6857	1
6859	1
6868	1
6869	1
6881	1
6889	1
6899	1
6900	1
6901	1
6905	1
6906	2
6910	1
6936	1
6937	1
6956	1
6962	1
6969	1
6976	1
6982	1
6985	1
6986	1
6987	1
6999	1
7008	1
7013	1
7014	1
7021	1
7022	1
7024	1
7025	2
7029	1
7030	1
7034	1
7035	1
7036	1
7053	1
7055	1
7058	1
7059	1
7065	1
7072	1
7075	1
7079	1
7082	1
7083	1
7088	1
7090	1
7093	1
7094	1
7095	1
7116	1
7118	1
7123	2
7126	1
7128	1
7129	1
7146	2
7147	1
7150	1
7153	1
7158	1
7160	1
7164	1
7171	1
7173	1
7176	1
7196	1
7198	1
7200	1
7208	1
7209	1
7213	1
7215	1
7217	1
7218	1
7219	1
7223	1
7224	1
7227	1
7238	2
7239	1
7247	1
7248	1
7260	1
7261	1
7268	1
7286	1
7290	1
7291	1
7310	1
7325	1
7326	1
7330	1
7337	1
7343	1
7348	1
7350	1
7352	1
7361	1
7364	1
7378	1
7384	2
7393	1
7395	1
7400	1
7422	1
7424	1
7426	1
7436	1
7441	1
7446	1
7454	1
7464	1
7465	1
7469	2
7472	2
7475	1
7489	1
7492	1
7494	1
7499	1
7509	2
7516	1
7521	1
7523	2
7530	1
7532	1
7533	1
7545	2
7553	1
7555	1
7558	1
7559	1
7561	1
7573	1
7574	2
7583	1
7585	1
7607	1
7609	1
7613	1
7614	1
7616	2
7621	1
7628	1
7631	1
7641	1
7646	1
7664	1
7674	1
7694	1
7695	1
7705	2
7717	1
7722	1
7728	1
7729	1
7736	1
7742	1
7760	1
7770	1
7793	1
7798	1
7804	1
7812	1
7824	1
7832	1
7836	1
7841	1
7845	1
7856	1
7858	1
7861	1
7868	1
7870	1
7880	1
7888	1
7894	1
7896	1
7898	1
7901	1
7908	1
7916	1
7934	1
7938	1
7947	2
7949	1
7958	1
7959	1
7962	1
7963	1
7967	1
7968	1
7972	1
7974	1
7975	1
7976	1
7977	1
7978	1
7980	1
7987	1
7990	1
7992	2
8002	1
8006	2
8011	1
8018	1
8030	1
8035	1
8036	1
8043	1
8048	1
8060	1
8061	1
8064	1
8067	1
8068	1
8079	1
8099	1
8108	1
8111	1
8117	1
8120	1
8129	2
8130	1
8131	1
8139	1
8142	1
8146	2
8165	2
8168	1
8174	1
8183	2
8188	1
8190	1
8200	1
8207	1
8217	1
8223	1
8224	1
8227	1
8242	1
8243	1
8244	1
8249	1
8250	1
8253	1
8273	1
8290	1
8294	1
8305	1
8306	1
8319	1
8336	1
8340	1
8346	1
8351	1
8352	1
8356	1
8359	1
8371	1
8387	1
8395	1
8400	1
8408	1
8412	1
8441	1
8448	1
8455	1
8457	1
8462	1
8463	1
8489	1
8493	1
8500	1
8511	1
8512	1
8535	1
8538	1
8540	1
8547	1
8564	1
8569	1
8572	1
8573	1
8576	1
8581	1
8586	1
8601	1
8624	1
8631	1
8632	1
8633	1
8653	1
8655	1
8664	2
8665	2
8670	1
8671	1
8686	1
8689	1
8701	1
8708	1
8709	1
8719	1
8722	1
8727	1
8731	1
8742	1
8745	1
8746	1
8759	1
8767	1
8794	1
8805	1
8812	1
8813	1
8814	1
8818	1
8821	1
8826	1
8855	1
8862	1
8866	1
8878	1
8880	1
8917	1
8930	1
8958	1
8960	1
8961	2
8964	2
8965	1
8966	1
8967	1
8974	1
8976	1
8979	1
8989	1
9006	1
9016	1
9017	1
9028	1
9057	1
9064	1
9074	1
9098	1
9107	1
9109	1
9113	1
9115	2
9129	1
9138	1
9142	3
9165	1
9171	1
9173	1
9176	1
9184	1
9185	1
9195	1
9201	1
9202	1
9205	1
9215	1
9237	1
9249	1
9255	1
9264	1
9278	1
9306	1
9345	1
9346	1
9350	1
9364	1
9367	1
9370	1
9377	1
9380	1
9385	1
9388	1
9390	1
9392	1
9417	2
9418	2
9420	1
9429	1
9441	1
9442	1
9464	1
9466	1
9473	1
9478	1
9482	2
9490	1
9501	1
9533	1
9537	1
9548	1
9578	1
9592	1
9594	1
9611	1
9618	1
9623	1
9628	1
9636	1
9658	2
9683	1
9693	1
9707	1
9735	1
9738	1
9743	1
9745	1
9746	1
9764	1
9769	1
9778	1
9792	1
9805	1
9806	1
9808	1
9811	1
9830	1
9838	1
9880	2
9888	1
9893	1
9894	1
9926	1
9935	2
9936	1
9942	2
9947	1
9953	1
9956	1
9962	1
9970	1
9971	1
9977	1
9979	1
9980	1
9985	1
9988	1
9995	1
10001	1
10004	1
10009	1
10015	1
10021	1
10024	1
10033	1
10036	1
10047	2
10048	1
10052	1
10057	1
10061	1
10062	1
10065	1
10071	1
10073	1
10077	1
10079	1
10080	1
10081	1
10090	2
10101	1
10102	1
10107	1
10108	1
10117	1
10118	1
10121	1
10142	2
10155	1
10158	1
10166	1
10174	2
10175	1
10176	1
10178	1
10209	1
10217	1
10224	1
10227	1
10230	1
10236	1
10242	1
10246	1
10261	1
10263	1
10274	1
10295	1
10299	1
10306	1
10311	1
10313	1
10314	1
10318	1
10324	1
10333	1
10339	1
10343	1
10356	1
10366	1
10379	1
10385	1
10392	1
10403	1
10420	1
10425	1
10427	1
10452	1
10461	1
10466	1
10500	1
10509	1
10512	1
10524	2
10526	1
10536	1
10578	2
10587	1
10593	1
10598	1
10601	1
10608	1
10609	1
10613	1
10626	1
10633	1
10640	1
10644	1
10650	1
10657	1
10670	1
10673	2
10681	1
10686	1
10692	1
10697	1
10707	1
10712	1
10718	1
10725	2
10728	1
10746	1
10758	1
10787	1
10794	1
10809	1
10814	1
10820	2
10837	1
10841	1
10845	1
10852	1
10853	1
10866	1
10873	1
10875	1
10878	1
10891	1
10900	1
10925	1
10933	1
10936	1
10939	1
10942	1
10957	1
10963	1
10970	1
10986	1
11011	1
11018	1
11048	1
11050	1
11065	1
11074	1
11096	1
11101	1
11118	1
11123	1
11132	1
11135	1
11139	1
11140	1
11144	1
11146	1
11166	1
11170	1
11171	1
11173	1
11177	1
11186	1
11201	1
11213	1
11218	1
11247	1
11249	1
11250	1
11271	1
11288	1
11301	1
11304	1
11310	2
11318	1
11333	1
11335	1
11340	1
11344	1
11361	1
11372	1
11377	1
11379	1
11401	1
11408	1
11418	1
11431	1
11439	1
11456	1
11480	1
11490	1
11523	1
11530	1
11541	1
11567	1
11570	1
11571	1
11575	1
11600	1
11604	1
11611	1
11615	1
11616	1
11622	2
11633	1
11639	1
11646	1
11648	1
11652	1
11672	1
11701	1
11717	1
11734	1
11753	1
11760	1
11809	1
11817	1
11820	1
11853	2
11859	1
11866	1
11868	1
11874	1
11900	1
11903	1
11907	1
11911	1
11912	1
11922	1
11939	1
11950	1
12037	1
12050	1
12069	1
12076	1
12077	1
12081	1
12084	1
12091	1
12117	1
12124	1
12126	1
12130	1
12151	1
12169	1
12173	1
12187	1
12219	1
12249	1
12260	1
12298	2
12305	1
12323	1
12334	1
12338	1
12347	1
12356	2
12365	1
12399	1
12423	1
12428	1
12474	1
12499	1
12506	1
12516	1
12522	1
12525	1
12534	1
12535	1
12545	1
12554	1
12559	1
12580	1
12619	1
12623	1
12683	1
12684	1
12689	1
12690	1
12695	1
12699	1
12700	1
12723	1
12727	1
12735	1
12761	1
12763	1
12764	1
12781	1
12782	2
12785	1
12803	1
12805	1
12815	1
12834	1
12837	1
12855	1
12908	1
12910	1
12923	1
12962	1
12965	1
12968	2
13009	1
13017	1
13034	1
13037	1
13041	1
13045	1
13050	1
13052	1
13073	1
13082	1
13093	1
13099	1
13125	1
13170	1
13180	1
13181	1
13184	2
13192	1
13193	1
13195	1
13213	1
13229	1
13248	1
13252	1
13267	1
13268	1
13287	1
13289	1
13315	1
13336	1
13345	1
13356	1
13370	1
13373	1
13385	1
13386	1
13398	1
13416	1
13424	1
13430	2
13449	1
13453	1
13469	1
13483	1
13508	1
13526	1
13529	1
13553	1
13555	1
13561	1
13582	1
13594	1
13606	1
13633	1
13687	1
13699	1
13702	1
13705	1
13706	1
13719	1
13723	1
13728	1
13775	1
13858	1
13897	1
13900	1
13933	1
13964	1
13965	1
14004	1
14010	1
14044	2
14050	1
14059	1
14062	1
14072	1
14103	1
14110	1
14124	1
14136	1
14143	1
14166	2
14182	1
14193	1
14212	1
14239	1
14240	1
14249	1
14255	1
14257	1
14298	1
14300	1
14306	2
14342	1
14347	1
14351	1
14364	1
14368	1
14369	1
14370	1
14375	1
14386	1
14403	1
14449	1
14454	1
14455	1
14458	1
14460	1
14468	1
14481	1
14551	1
14593	1
14610	1
14613	1
14622	1
14666	1
14679	1
14703	2
14711	1
14716	1
14724	1
14743	1
14758	1
14762	1
14777	1
14833	1
14857	1
14867	1
14871	1
14921	1
14926	1
14936	1
14940	1
14950	1
14966	1
14969	2
15011	1
15051	1
15068	1
15072	1
15103	1
15120	1
15138	1
15151	1
15155	1
15160	1
15164	1
15182	1
15202	1
15216	1
15218	1
15227	1
15247	1
15272	1
15281	1
15286	1
15288	1
15296	1
15343	1
15354	1
15369	1
15420	1
15429	1
15435	1
15449	1
15463	1
15485	1
15509	1
15517	1
15531	1
15532	1
15555	1
15600	1
15656	1
15667	1
15681	1
15690	1
15701	1
15710	1
15726	1
15757	1
15799	1
15802	1
15895	1
15911	1
15949	1
15961	1
15979	1
15986	1
16008	1
16025	1
16045	1
16079	1
16136	1
16163	1
16167	1
16179	1
16206	1
16267	1
16279	1
16302	1
16314	1
16322	1
16379	1
16402	1
16418	1
16420	1
16434	1
16454	1
16464	1
16493	1
16504	1
16524	1
16533	1
16571	1
16588	1
16625	1
16639	1
16658	1
16659	1
16667	1
16673	1
16687	1
16693	1
16713	1
16753	1
16754	1
16755	1
16763	1
16770	1
16786	1
16790	1
16822	1
16829	1
16868	1
16912	1
16987	1
17065	1
17099	1
17124	1
17126	1
17160	1
17169	1
17234	1
17246	1
17359	1
17376	1
17391	1
17402	1
17424	1
17472	1
17500	1
17514	1
17544	1
17563	1
17620	1
17632	1
17637	1
17682	1
17709	1
17710	1
17711	1
17731	1
17800	1
17836	1
17844	1
17891	1
17894	1
17940	1
17968	1
17979	1
17996	1
17997	1
18011	1
18016	1
18059	1
18073	1
18086	1
18119	1
18134	1
18149	1
18164	1
18205	1
18209	1
18287	1
18302	1
18325	1
18399	1
18401	1
18419	1
18430	1
18437	1
18443	1
18450	1
18477	1
18498	1
18515	1
18533	1
18590	1
18599	1
18603	1
18606	2
18638	1
18645	1
18655	1
18680	1
18705	1
18712	2
18726	1
18743	1
18749	1
18765	1
18790	1
18848	1
18892	1
18898	1
18934	1
18941	1
19012	1
19031	1
19037	1
19046	1
19047	1
19061	1
19062	1
19126	1
19129	1
19148	1
19174	1
19205	1
19228	1
19278	1
19281	1
19307	1
19312	1
19372	1
19388	1
19400	1
19404	1
19435	1
19440	1
19469	1
19493	1
19548	1
19549	1
19618	1
19619	1
19623	1
19689	1
19715	1
19738	1
19741	1
19767	1
19790	1
19797	1
19853	1
19878	1
19883	1
19888	1
19967	1
19971	1
19977	1
19982	1
19991	1
19995	1
19998	1
19999	1
20012	1
20016	1
20022	2
20028	1
20067	1
20080	1
20110	1
20115	1
20128	1
20133	1
20172	1
20201	1
20299	1
20313	1
20326	1
20331	1
20382	1
20396	2
20420	1
20445	1
20460	1
20478	1
20485	1
20505	1
20527	1
20558	1
20568	1
20595	1
20605	1
20619	1
20643	1
20658	1
20673	1
20681	1
20688	1
20694	1
20723	2
20727	1
20728	1
20739	1
20820	1
20891	1
20899	1
20939	1
20946	1
20952	1
20996	1
21004	1
21009	1
21010	1
21107	1
21142	1
21170	1
21226	1
21268	1
21270	1
21273	1
21324	1
21327	1
21330	1
21339	1
21342	1
21409	1
21457	1
21497	1
21519	1
21538	1
21546	1
21611	1
21629	1
21630	1
21684	1
21700	1
21709	1
21711	1
21716	1
21727	1
21779	1
21804	1
21811	1
21855	1
21977	1
22019	1
22065	1
22127	1
22138	1
22204	1
22207	1
22212	1
22220	1
22230	1
22273	1
22309	1
22319	1
22324	1
22335	1
22431	1
22434	1
22488	1
22508	1
22586	1
22620	1
22629	1
22639	1
22643	1
22650	1
22660	1
22691	1
22709	1
22711	1
22779	1
22800	1
22849	1
22897	1
22934	1
22937	1
22960	1
22974	1
23029	1
23063	1
23066	1
23073	1
23077	1
23088	1
23112	1
23161	1
23187	1
23192	1
23202	1
23282	1
23314	1
23347	1
23394	2
23470	1
23473	1
23485	1
23491	1
23519	1
23541	1
23544	1
23579	1
23623	1
23668	1
23677	1
23689	1
23691	1
23693	1
23739	1
23773	1
23813	1
23892	1
23902	1
23947	1
23988	1
24065	1
24092	1
24101	1
24121	1
24160	1
24166	2
24309	1
24328	1
24352	1
24361	1
24386	1
24415	1
24424	1
24434	1
24453	1
24484	1
24560	1
24574	1
24615	1
24684	1
24709	1
24732	1
24733	1
24743	1
24885	1
24914	1
24936	1
24964	1
24979	1
25111	1
25140	1
25165	1
25204	1
25210	1
25214	1
25279	1
25306	1
25333	1
25361	1
25384	1
25410	1
25413	1
25466	1
25557	1
25560	1
25569	1
25604	1
25760	1
25782	1
25805	1
25832	1
25886	1
25919	1
25924	1
25942	1
26020	1
26035	1
26077	1
26091	1
26099	1
26126	1
26140	1
26218	2
26232	1
26243	1
26338	1
26406	1
26422	1
26448	1
26540	1
26571	1
26641	1
26679	1
26681	1
26691	1
26703	1
26710	1
26981	1
27007	1
27139	1
27190	1
27261	1
27269	1
27294	1
27307	1
27316	1
27362	1
27407	1
27449	1
27482	1
27557	1
27820	1
27839	1
27988	1
28008	1
28084	1
28128	1
28133	1
28274	1
28275	1
28278	1
28341	1
28389	1
28479	1
28498	1
28526	1
28621	1
28705	1
28741	1
28778	1
28824	1
28835	1
28858	1
28943	1
28946	1
28949	1
29015	1
29032	1
29039	1
29079	1
29092	1
29104	1
29126	1
29161	1
29198	1
29255	1
29268	1
29294	1
29304	1
29333	1
29344	1
29396	1
29529	1
29575	1
29589	1
29603	1
29651	1
29804	1
29912	1
29938	1
29976	1
30010	1
30087	1
30169	1
30219	1
30313	1
30376	1
30477	1
30590	1
30683	1
30699	1
30739	1
30814	1
30831	1
30857	1
30894	1
30912	1
31016	1
31047	1
31069	1
31123	1
31148	1
31160	1
31183	1
31301	1
31409	1
31490	1
31498	1
31517	1
31613	1
31638	1
31654	1
31774	1
31790	1
31804	1
31805	1
31830	1
31882	1
31884	1
31885	1
31946	1
31970	1
32033	1
32037	1
32103	1
32127	1
32144	1
32181	1
32202	1
32380	1
32418	1
32462	1
32464	1
32471	1
32490	1
32504	1
32511	1
32538	1
32554	1
32614	1
32686	1
32696	1
32697	1
32740	1
32829	1
32932	1
32956	1
33146	1
33157	1
33207	1
33219	1
33347	1
33458	1
33492	1
33502	1
33518	1
33589	1
33710	1
33806	1
33814	1
33854	1
33912	1
33924	1
33968	1
34026	1
34169	1
34270	1
34384	1
34436	1
34477	1
34554	1
34616	1
34666	1
34675	1
34720	1
35074	1
35134	1
35156	1
35225	1
35238	1
35302	1
35320	1
35353	1
35466	1
35497	1
35635	1
35664	1
35724	1
35787	1
35806	1
35845	1
35914	1
35986	1
36198	1
36267	1
36315	1
36376	1
36410	1
36518	1
36711	1
36780	1
36880	1
36885	1
36935	1
36995	1
37017	1
37103	1
37111	1
37243	1
37347	1
37361	1
37396	1
37420	1
37578	1
37662	1
37677	1
37707	1
37737	1
37862	1
37868	1
37926	1
37964	1
38016	1
38050	1
38233	1
38244	1
38302	1
38327	1
38500	1
38505	1
38510	1
38547	1
38818	1
38843	1
39057	1
39079	1
39101	1
39259	1
39294	1
39299	1
39485	1
39550	1
39587	1
39673	1
39764	1
39780	1
39783	1
39885	1
39901	1
40003	1
40344	1
40357	1
40400	1
40463	1
40489	1
40522	1
40626	1
40650	1
40722	1
40770	1
40814	1
40897	1
41255	1
41406	1
41500	1
41633	1
41643	1
41648	1
41699	1
41720	1
41759	1
41890	1
41948	1
42137	1
42167	1
42202	1
42248	1
42428	1
42429	1
42486	1
42640	1
42795	1
42842	1
43259	1
43366	2
43449	1
43455	1
43540	1
43571	1
43642	1
43655	1
43698	1
43858	1
43874	1
43917	1
44051	1
44114	1
44306	1
44368	1
44377	1
44992	1
45555	1
45769	1
45791	1
45953	1
45960	1
46078	1
46630	1
46709	1
46947	1
47027	1
47235	1
47524	1
47531	1
47715	1
47739	1
48104	1
48151	1
48185	1
48734	1
49038	1
49191	1
49260	1
49551	1
49612	1
50134	1
50289	1
50850	1
51382	1
51637	1
51649	1
51796	1
51977	1
51981	1
52147	1
52526	1
52810	1
52828	1
53624	1
53772	1
54041	1
54055	1
54256	1
54793	1
55071	1
55198	1
55496	1
55972	1
56276	1
56692	1
57682	1
58001	1
58009	1
58051	1
58191	1
58828	1
58969	1
59003	1
59067	1
59385	1
59485	1
60073	1
60386	1
60712	1
60811	1
61326	1
61450	1
62430	1
62462	1
62521	1
64037	1
64639	1
64745	1
65074	1
65334	1
65554	1
67071	1
67510	1
68317	1
68958	1
69061	1
69157	1
69290	1
69896	1
71037	1
72697	1
73500	1
74430	1
74736	1
75188	1
75327	1
75866	1
77144	1
77359	1
77595	1
78685	1
80047	1
80679	1
80685	1
81044	1
82100	1
82294	1
83264	1
84401	1
84511	1
85871	1
87820	1
90683	1
95297	1
95332	1
95380	1
95505	1
97474	1
98278	1
98357	1
100076	1
100544	1
100550	1
100606	1
101177	1
101244	1
101771	1
106164	1
108146	1
111995	1
113748	1
114133	1
117867	1
119945	1
121556	1
125067	1
127820	1
136307	1
146644	1
148827	1
152612	1
161233	1
164978	1
166891	1
172358	1
190747	1
249448	1
252973	1
273850	1
304311	1
400789	1
430149	1
1005769	1
