1	699534
2	43306
3	31227
4	14378
5	10988
6	7471
7	5724
8	4472
9	3970
10	3852
11	2390
12	2111
13	1823
14	1509
15	1441
16	1179
17	994
18	976
19	922
20	1066
21	762
22	644
23	584
24	591
25	802
26	504
27	475
28	447
29	419
30	452
31	321
32	297
33	282
34	256
35	236
36	212
37	212
38	203
39	228
40	236
41	189
42	160
43	203
44	188
45	172
46	134
47	161
48	170
49	153
50	276
51	135
52	124
53	121
54	132
55	110
56	94
57	92
58	104
59	78
60	127
61	85
62	112
63	103
64	115
65	112
66	96
67	106
68	101
69	73
70	93
71	89
72	81
73	93
74	83
75	106
76	63
77	62
78	60
79	39
80	59
81	57
82	63
83	46
84	60
85	52
86	95
87	27
88	27
89	37
90	52
91	38
92	29
93	31
94	23
95	29
96	28
97	33
98	36
99	41
100	67
101	55
102	26
103	35
104	19
105	39
106	29
107	32
108	29
109	34
110	32
111	26
112	20
113	44
114	20
115	37
116	32
117	12
118	24
119	23
120	48
121	30
122	29
123	21
124	25
125	48
126	30
127	24
128	20
129	19
130	17
131	27
132	28
133	21
134	23
135	31
136	16
137	21
138	21
139	13
140	19
141	25
142	14
143	16
144	20
145	16
146	14
147	14
148	16
149	18
150	27
151	26
152	18
153	10
154	10
155	27
156	13
157	16
158	15
159	11
160	15
161	11
162	13
163	17
164	10
165	4
166	24
167	11
168	14
169	11
170	15
171	14
172	19
173	14
174	14
175	9
176	8
177	5
178	13
179	7
180	13
181	9
182	8
183	12
184	8
185	7
186	13
187	17
188	6
189	12
190	16
191	12
192	11
193	12
194	12
195	8
196	10
197	10
198	11
199	12
200	27
201	17
202	20
203	10
204	12
205	13
206	10
207	19
208	11
209	8
210	15
211	7
212	5
213	7
214	10
215	4
216	5
217	4
218	11
219	6
220	5
221	8
222	4
223	11
224	10
225	5
226	4
227	10
228	6
229	11
230	11
231	8
232	5
233	10
234	7
235	7
236	9
237	8
238	9
239	4
240	12
241	6
242	7
243	5
244	5
245	8
246	5
247	7
248	6
249	7
250	7
251	7
252	7
253	9
254	9
255	3
256	4
257	5
258	16
259	9
260	18
261	8
262	4
263	10
264	5
265	4
266	9
267	6
268	7
269	6
270	8
271	11
272	8
273	2
274	3
275	9
276	7
277	9
278	9
279	5
280	7
281	6
282	9
283	3
284	8
285	7
286	9
287	9
288	2
289	10
290	9
291	9
292	1
293	5
294	8
295	9
296	5
297	7
298	7
299	8
300	2
301	6
302	5
303	7
304	3
305	5
306	6
307	3
308	5
309	8
310	1
311	4
312	2
314	5
315	2
316	7
317	4
318	8
319	7
320	6
321	4
322	1
323	2
324	2
325	8
326	4
327	4
328	5
329	8
330	8
331	5
332	5
333	18
334	2
335	5
336	4
337	8
338	2
339	5
340	4
341	6
342	2
343	5
344	2
345	1
346	3
347	5
348	4
349	6
350	6
351	2
352	2
353	4
354	1
355	2
356	6
357	1
358	2
359	1
360	8
361	6
362	2
363	7
364	3
365	5
366	2
367	5
368	3
369	3
370	4
371	4
372	3
373	3
374	1
375	7
376	4
377	7
378	4
379	3
380	1
381	1
382	6
383	5
384	3
385	6
386	2
387	3
388	2
389	2
390	4
391	2
392	4
393	3
394	5
395	5
396	5
397	2
398	4
399	4
400	3
401	3
402	7
403	6
404	3
405	2
406	6
407	7
408	1
409	5
410	4
411	1
412	5
413	6
414	5
416	4
417	4
418	2
419	5
420	3
421	1
422	4
423	3
424	1
426	2
427	2
428	2
429	3
430	1
431	2
432	2
433	4
434	2
435	4
437	3
438	3
439	4
440	6
441	3
442	2
443	1
444	2
445	4
446	1
447	3
448	5
449	2
451	7
452	4
453	2
454	4
456	5
457	3
458	1
459	1
460	6
461	4
463	2
464	1
465	1
467	3
468	2
469	1
470	3
472	2
473	1
474	3
475	3
476	4
477	3
478	3
479	2
480	2
481	1
482	4
483	2
484	2
485	3
486	1
487	5
488	5
490	5
491	5
492	4
494	3
495	4
496	2
497	4
498	3
499	8
500	5
501	2
502	2
503	1
504	2
505	3
506	3
507	2
508	3
509	1
510	8
511	4
512	3
513	1
514	4
515	1
516	3
517	1
518	5
519	4
520	3
521	4
522	2
523	2
524	1
525	2
526	2
527	1
528	2
529	1
530	2
531	1
532	2
533	5
534	4
537	2
538	1
539	1
541	1
543	1
545	3
546	1
547	2
548	1
549	1
550	2
551	3
552	3
554	4
555	1
557	1
559	1
560	1
561	1
563	1
564	2
565	1
566	1
567	2
568	2
571	1
572	4
573	3
574	1
575	1
577	3
579	3
580	5
581	1
582	1
585	1
587	2
588	1
589	2
591	2
592	2
594	1
595	2
596	2
598	3
599	1
600	1
602	2
603	2
604	1
605	1
606	1
607	2
609	2
610	2
611	5
612	1
613	1
614	2
615	2
616	3
617	2
618	1
619	4
621	1
622	1
623	2
624	3
625	1
626	4
627	3
628	1
629	3
630	2
631	1
632	2
635	2
637	1
639	2
640	5
641	1
642	1
643	2
644	1
645	2
646	1
648	1
649	1
651	3
652	2
653	1
654	1
655	1
656	4
657	3
658	1
659	1
662	1
666	3
668	2
669	2
671	2
672	1
673	3
675	3
676	1
677	1
678	1
679	3
682	4
683	2
685	3
686	3
687	1
688	2
691	1
692	1
693	1
694	1
695	2
700	1
701	3
702	2
703	1
704	3
706	1
707	3
708	2
710	2
711	2
713	3
715	1
719	1
721	2
722	3
724	1
727	3
728	1
732	1
733	1
734	4
735	1
736	1
738	1
741	3
744	1
745	2
746	1
747	1
748	1
750	2
751	5
752	2
753	3
754	2
755	1
756	2
757	1
759	1
760	4
761	4
762	1
763	1
765	1
768	1
772	1
776	1
778	2
780	1
781	1
782	2
783	2
784	1
786	1
787	2
789	1
791	1
792	1
794	2
795	2
797	1
798	2
799	3
800	3
801	1
802	2
804	3
805	2
806	3
807	1
808	2
810	2
811	1
816	1
817	1
819	1
820	2
821	1
822	2
824	2
825	4
826	1
828	2
829	1
830	1
834	1
835	1
837	1
839	2
841	3
844	1
849	3
850	1
852	2
854	3
856	1
857	3
858	1
861	1
862	1
863	3
866	1
867	1
869	2
870	1
871	2
872	1
873	1
874	1
875	1
876	1
877	2
884	1
887	2
889	3
890	1
891	1
897	1
900	3
902	3
903	2
904	1
905	1
906	3
909	1
911	1
912	1
913	2
914	1
915	1
916	1
917	1
918	1
920	1
921	1
922	1
926	1
927	1
928	2
932	1
935	1
937	3
938	1
939	2
942	1
943	3
945	1
946	1
949	2
950	2
952	1
954	3
955	2
957	1
958	1
960	1
963	2
965	1
966	1
967	2
968	2
972	2
973	1
978	1
979	1
980	1
981	1
982	1
986	2
988	1
992	1
997	2
998	1
1000	1
1001	1
1002	1
1003	1
1004	1
1005	1
1006	2
1008	1
1012	2
1014	1
1015	3
1016	1
1017	1
1019	2
1020	2
1021	1
1022	1
1023	1
1024	1
1027	1
1030	1
1034	1
1035	2
1038	1
1039	1
1041	1
1043	1
1044	1
1048	2
1051	2
1054	1
1056	1
1059	2
1060	1
1062	1
1063	1
1064	1
1065	1
1069	1
1070	3
1074	1
1075	2
1080	1
1086	1
1087	2
1090	1
1092	3
1093	1
1095	1
1098	1
1101	1
1102	1
1103	1
1104	1
1106	1
1112	1
1113	1
1114	1
1115	1
1116	1
1118	1
1119	1
1120	1
1121	1
1122	1
1125	1
1126	1
1128	1
1129	1
1130	2
1134	1
1135	1
1138	1
1142	1
1143	1
1146	1
1148	1
1152	1
1160	1
1163	1
1164	1
1166	3
1167	2
1169	3
1175	1
1177	1
1180	1
1181	1
1182	2
1186	1
1187	2
1189	1
1190	1
1191	2
1196	1
1197	2
1198	1
1205	1
1206	1
1208	2
1210	1
1211	1
1215	3
1217	1
1218	2
1221	1
1226	1
1231	1
1232	1
1234	2
1238	1
1243	1
1246	1
1254	1
1255	1
1257	2
1258	1
1265	2
1269	1
1274	1
1275	1
1276	2
1278	2
1279	1
1281	2
1284	3
1285	2
1286	1
1287	1
1290	1
1291	1
1292	1
1293	1
1296	1
1298	2
1307	1
1308	1
1309	1
1310	1
1314	1
1316	3
1317	1
1323	2
1325	1
1331	1
1332	1
1334	2
1341	1
1343	1
1344	1
1345	1
1349	1
1351	2
1352	1
1354	1
1355	1
1358	1
1360	1
1363	1
1364	1
1369	1
1370	1
1371	1
1372	1
1374	3
1375	2
1378	1
1380	1
1382	1
1383	1
1385	1
1388	1
1392	1
1393	1
1398	2
1401	1
1410	1
1414	2
1418	1
1420	1
1421	3
1422	1
1423	1
1427	1
1431	1
1432	1
1433	1
1434	1
1435	1
1439	2
1440	1
1442	1
1443	1
1446	1
1447	2
1448	2
1449	1
1452	1
1453	1
1454	2
1455	1
1456	1
1458	3
1460	1
1462	1
1463	1
1464	3
1465	1
1466	1
1467	1
1468	4
1470	1
1471	3
1472	3
1474	1
1477	1
1478	1
1480	1
1485	1
1488	1
1491	1
1495	1
1496	1
1497	1
1500	1
1506	1
1510	2
1518	1
1520	2
1523	1
1526	1
1528	1
1529	2
1534	1
1540	1
1544	1
1547	1
1550	1
1551	1
1552	1
1553	2
1557	1
1563	1
1566	1
1573	1
1586	1
1590	1
1591	1
1594	3
1595	2
1597	1
1601	1
1604	1
1605	2
1616	1
1620	1
1628	1
1635	1
1647	1
1649	2
1650	1
1651	1
1653	2
1661	1
1667	1
1669	2
1673	1
1684	1
1689	2
1693	1
1696	1
1698	1
1702	1
1704	1
1708	1
1715	1
1731	1
1743	1
1749	1
1752	1
1760	1
1766	1
1769	1
1773	1
1774	1
1775	1
1779	1
1781	1
1791	1
1797	1
1802	1
1803	1
1808	1
1812	1
1818	1
1821	1
1828	1
1833	1
1843	1
1847	1
1848	2
1849	1
1853	2
1858	1
1865	1
1872	1
1876	1
1884	1
1891	1
1894	1
1905	1
1915	1
1917	1
1923	1
1924	1
1934	1
1938	1
1943	1
1957	1
1959	1
1960	1
1961	1
1964	1
1969	1
1970	1
1974	1
1976	1
1978	1
1981	1
1983	1
1986	1
1996	1
1997	1
2000	1
2006	1
2007	2
2012	2
2013	2
2014	1
2015	1
2016	3
2017	2
2018	1
2019	1
2020	1
2021	2
2028	1
2030	1
2032	2
2037	1
2040	1
2048	1
2054	1
2060	1
2061	1
2067	1
2070	1
2071	1
2077	1
2092	1
2093	1
2096	2
2097	1
2099	1
2100	2
2102	2
2103	2
2105	1
2107	1
2112	2
2115	1
2134	1
2138	1
2139	1
2140	1
2144	1
2145	1
2150	1
2151	1
2160	1
2166	1
2170	1
2171	1
2191	1
2202	1
2207	1
2214	1
2216	2
2218	1
2221	1
2229	1
2242	1
2247	1
2249	1
2253	1
2261	1
2264	1
2266	1
2270	1
2273	1
2292	1
2293	1
2296	1
2301	1
2304	1
2309	1
2311	1
2322	1
2351	1
2360	1
2368	1
2374	1
2377	1
2380	1
2397	1
2399	1
2403	1
2406	1
2420	1
2423	1
2426	1
2431	2
2437	1
2442	1
2445	2
2447	1
2464	1
2465	1
2470	1
2478	1
2491	1
2501	2
2502	2
2505	1
2513	1
2518	1
2520	2
2524	2
2526	1
2534	1
2537	1
2540	1
2541	1
2551	1
2552	1
2555	2
2559	1
2562	2
2563	2
2566	1
2568	1
2570	1
2571	1
2572	1
2574	1
2575	1
2582	1
2585	1
2592	1
2593	1
2595	1
2601	1
2606	1
2615	1
2616	1
2619	1
2621	1
2625	1
2629	1
2631	1
2640	1
2652	1
2655	1
2662	1
2673	2
2678	1
2679	1
2680	1
2685	1
2687	1
2693	1
2697	1
2702	1
2705	1
2709	1
2721	1
2724	1
2733	1
2735	1
2738	2
2741	1
2742	1
2744	1
2746	1
2815	1
2816	1
2819	2
2832	1
2845	1
2854	1
2866	1
2905	2
2908	1
2920	1
2935	1
2937	1
2938	1
2945	1
2951	1
2961	1
2970	1
2971	1
2974	1
2977	1
2986	1
2994	1
2995	1
3004	1
3019	1
3036	1
3040	1
3045	1
3051	1
3095	1
3108	1
3109	1
3110	1
3116	1
3119	1
3122	1
3126	1
3131	1
3141	1
3163	1
3169	1
3176	1
3177	1
3180	1
3185	1
3202	1
3213	1
3220	1
3228	1
3235	1
3239	2
3252	1
3258	1
3278	1
3286	1
3287	1
3288	1
3293	1
3300	1
3313	1
3316	1
3323	1
3328	1
3344	1
3345	1
3353	1
3356	1
3361	2
3371	1
3396	1
3409	1
3413	1
3421	1
3422	1
3423	1
3434	1
3435	1
3444	1
3445	1
3459	1
3480	1
3484	1
3490	1
3494	1
3503	1
3505	1
3509	1
3521	1
3530	1
3538	1
3543	1
3558	1
3569	1
3572	1
3583	1
3594	1
3604	1
3620	1
3632	1
3649	1
3663	1
3679	1
3700	1
3701	1
3706	1
3759	1
3768	1
3780	1
3785	1
3800	1
3806	1
3822	1
3823	1
3854	1
3858	1
3862	1
3872	1
3890	1
3891	1
3892	1
3912	1
3928	1
3929	1
3935	1
3937	1
3963	1
3965	1
3970	2
3974	1
3979	1
3980	2
3982	1
3985	1
3998	1
4002	1
4010	2
4012	1
4017	1
4021	2
4037	1
4051	1
4055	1
4062	1
4067	1
4071	1
4072	1
4079	1
4080	1
4088	1
4093	1
4100	1
4108	1
4115	2
4125	1
4130	1
4131	1
4143	1
4155	1
4156	1
4159	1
4187	1
4191	1
4219	1
4222	1
4234	1
4246	1
4294	1
4330	1
4331	1
4360	1
4392	1
4394	1
4441	1
4452	1
4510	1
4524	1
4525	1
4542	1
4552	1
4557	1
4607	1
4623	1
4632	1
4640	1
4641	1
4643	1
4661	1
4663	1
4691	1
4694	1
4711	1
4765	1
4839	1
4844	1
4854	1
4858	1
4865	1
4867	1
4878	1
4879	1
4932	1
4954	1
4969	1
4974	1
4975	1
5001	1
5002	1
5003	1
5006	1
5010	1
5037	1
5047	1
5049	1
5053	1
5058	1
5062	1
5067	1
5068	1
5077	1
5081	1
5098	1
5099	1
5111	1
5112	1
5189	1
5191	1
5214	1
5222	1
5255	1
5272	1
5287	1
5302	1
5315	1
5317	1
5323	1
5325	1
5330	1
5341	1
5380	1
5403	1
5458	1
5463	1
5470	1
5541	1
5583	1
5585	1
5594	1
5599	1
5613	1
5615	1
5634	1
5647	1
5654	1
5693	1
5724	1
5747	1
5753	1
5772	1
5873	1
5926	1
5954	1
5986	1
6016	1
6020	1
6028	1
6069	1
6097	1
6119	1
6129	1
6164	1
6172	1
6237	1
6243	1
6252	1
6253	1
6302	1
6331	1
6389	1
6423	1
6433	1
6444	2
6574	1
6588	1
6672	1
6699	1
6909	1
6913	1
6985	1
7034	1
7044	1
7081	1
7082	1
7101	1
7107	1
7108	1
7114	1
7125	1
7135	1
7159	1
7165	1
7228	1
7353	1
7365	1
7373	1
7393	1
7452	1
7686	1
7707	1
7726	1
7848	1
7911	1
7925	1
7968	1
7972	1
8003	1
8100	1
8101	1
8176	1
8191	1
8250	1
8254	1
8314	1
8399	1
8444	1
8495	1
8510	1
8589	1
8596	1
8718	1
8774	1
8787	1
8791	1
8819	1
8867	1
8888	1
8898	1
8945	1
9031	1
9319	1
9417	1
9448	1
9488	1
9528	1
9612	1
9849	1
9882	1
9907	1
9914	1
10029	1
10035	1
10074	1
10172	1
10203	1
10217	1
10233	1
10296	1
10325	1
10389	1
10443	1
10494	1
10499	1
10504	1
10565	1
10621	1
10664	1
10742	1
10785	1
10791	1
10823	1
11055	1
11068	1
11177	1
11302	1
11351	1
11357	1
11370	1
11497	1
11527	1
11787	1
11856	1
11898	1
11915	1
12045	1
12076	1
12195	1
12237	2
12284	1
12520	1
12813	1
13134	1
13831	1
13860	1
13874	1
14023	1
14040	1
14207	1
15212	1
15241	1
15263	1
15272	1
15394	1
15637	1
16228	1
16854	1
16909	1
17310	1
17375	1
18120	1
18145	1
18266	1
18391	1
18440	1
18594	1
19609	1
19758	1
20249	1
20273	1
20618	1
20629	1
20673	1
20741	1
20835	1
20953	1
21190	1
21512	1
21901	1
22369	1
23251	1
23263	1
23662	1
24851	1
24937	1
24985	1
25244	1
25345	1
25497	1
26076	1
26418	1
26572	1
26992	1
27845	1
28388	1
28418	1
28481	1
28723	1
29495	1
30577	1
33273	1
34175	1
34399	1
34688	1
37343	1
39175	1
39581	1
41019	1
41336	1
42868	1
44269	1
47255	1
52084	1
52988	1
54658	1
56682	1
56776	1
56779	1
58014	1
62317	1
62635	1
68344	1
72742	1
73744	1
89343	1
341920	1
1156735	1
