0.0	764
1.0	877
2.0	86
3.0	12
4.0	13
5.0	12
6.0	14
7.0	17
8.0	11
9.0	7
10.0	11
11.0	11
12.0	18
13.0	16
14.0	12
15.0	22
16.0	17
17.0	14
18.0	7
19.0	11
20.0	13
21.0	14
22.0	5
23.0	19
24.0	1
25.0	1
27.0	3
28.0	2
29.0	2
30.0	2
31.0	2
32.0	1
33.0	2
34.0	3
35.0	1
36.0	1
38.0	2
39.0	1
40.0	2
42.0	1
44.0	3
45.0	1
47.0	3
48.0	1
49.0	2
51.0	2
52.0	3
53.0	1
54.0	1
56.0	1
57.0	2
58.0	1
59.0	1
60.0	2
61.0	2
62.0	3
63.0	1
64.0	2
65.0	1
66.0	5
67.0	1
68.0	2
69.0	3
70.0	2
71.0	1
72.0	2
73.0	2
74.0	2
77.0	1
78.0	2
79.0	2
80.0	1
82.0	1
83.0	1
84.0	1
85.0	1
86.0	1
87.0	2
88.0	1
89.0	3
92.0	3
93.0	2
94.0	1
95.0	3
97.0	1
98.0	2
99.0	1
100.0	3
102.0	4
103.0	1
104.0	2
105.0	2
106.0	1
107.0	2
108.0	1
109.0	2
110.0	5
111.0	2
115.0	2
116.0	2
117.0	3
118.0	3
119.0	2
120.0	1
121.0	1
122.0	2
123.0	2
124.0	5
125.0	1
126.0	2
128.0	1
129.0	2
130.0	3
131.0	4
132.0	2
133.0	1
134.0	1
135.0	3
136.0	4
137.0	2
139.0	7
140.0	6
141.0	2
142.0	4
143.0	7
144.0	11
145.0	7
146.0	4
147.0	3
148.0	9
149.0	11
150.0	7
151.0	8
152.0	14
153.0	12
154.0	12
155.0	5
156.0	4
157.0	3
158.0	2
159.0	2
160.0	3
161.0	2
162.0	5
163.0	3
164.0	1
165.0	5
166.0	6
167.0	1
168.0	1
169.0	2
170.0	5
171.0	6
172.0	7
173.0	3
174.0	8
175.0	7
176.0	5
177.0	4
178.0	8
179.0	8
180.0	5
181.0	7
182.0	4
183.0	12
184.0	9
185.0	6
186.0	6
187.0	9
188.0	6
189.0	5
190.0	9
191.0	6
192.0	4
193.0	8
194.0	9
195.0	9
196.0	4
197.0	8
198.0	8
199.0	15
200.0	11
201.0	11
202.0	13
203.0	12
204.0	17
205.0	13
206.0	14
207.0	10
208.0	18
209.0	17
210.0	7
211.0	11
212.0	15
213.0	16
214.0	19
215.0	21
216.0	19
217.0	21
218.0	32
219.0	22
220.0	28
221.0	17
222.0	10
238.0	1
243.0	1
249.0	2
254.0	1
256.0	1
257.0	2
259.0	1
260.0	3
261.0	1
263.0	1
265.0	2
266.0	1
269.0	2
270.0	1
271.0	2
272.0	2
273.0	2
277.0	3
279.0	3
280.0	1
281.0	3
282.0	1
283.0	3
285.0	2
286.0	2
288.0	2
289.0	1
291.0	3
292.0	1
294.0	3
295.0	2
296.0	2
297.0	1
299.0	2
300.0	4
301.0	2
302.0	1
303.0	2
304.0	2
305.0	2
306.0	1
307.0	2
308.0	2
310.0	2
311.0	4
312.0	2
313.0	2
314.0	2
315.0	2
316.0	1
320.0	3
321.0	2
323.0	5
324.0	1
325.0	3
326.0	2
327.0	3
329.0	3
331.0	1
332.0	1
333.0	2
335.0	2
336.0	2
337.0	3
338.0	7
340.0	1
341.0	2
342.0	1
343.0	1
344.0	2
345.0	3
346.0	6
347.0	4
348.0	6
354.0	1
364.0	4
