0.0	44083515
1.0	5950629
2.0	3294736
3.0	2029419
4.0	1944499
5.0	2389726
6.0	1725501
7.0	1855858
8.0	1468371
9.0	1405372
10.0	1170864
11.0	387740
12.0	263946
13.0	462023
14.0	176486
15.0	386043
16.0	368928
17.0	219083
18.0	395133
19.0	254676
20.0	162448
21.0	172576
22.0	227620
23.0	206643
24.0	23062
25.0	15805
26.0	17189
27.0	18890
28.0	27020
29.0	8339
30.0	8836
31.0	18467
32.0	6160
33.0	3820
34.0	130922
35.0	2785
36.0	1635
37.0	5791
38.0	1431
39.0	2713
40.0	2563
41.0	3336
42.0	3522
43.0	5782
44.0	9082
45.0	3010
46.0	3217
47.0	2366
48.0	5537
49.0	1803
50.0	2110
51.0	2925
52.0	12981
53.0	4486
54.0	2198
55.0	2217
56.0	1221
57.0	4880
58.0	9380
59.0	9735
60.0	71359
61.0	38471
62.0	1061
63.0	2868
64.0	1095
65.0	4614
66.0	4122
67.0	1026
68.0	944
69.0	400
70.0	282
71.0	244
72.0	876
73.0	1618
74.0	38
75.0	220
81.0	80
82.0	386
83.0	1
84.0	25
85.0	43
89.0	15
94.0	2
95.0	5
