0.0	3
18.0	21
19.0	12
20.0	17
21.0	23
22.0	29
23.0	9
24.0	12
25.0	20
26.0	17
27.0	10
28.0	16
29.0	23
31.0	27
32.0	24
33.0	30
35.0	14
56.0	2
85.0	1
86.0	1
87.0	1
88.0	2
89.0	141
90.0	180
91.0	419
92.0	236
93.0	146
94.0	283
95.0	246
96.0	180
97.0	277
98.0	219
99.0	91
100.0	373
101.0	17
102.0	189
103.0	126
104.0	289
105.0	22
106.0	194
107.0	14
108.0	18
109.0	196
110.0	212
111.0	212
112.0	4
113.0	2
114.0	22
115.0	19
116.0	210
117.0	372
118.0	120
119.0	5
120.0	7
121.0	5
122.0	178
123.0	229
124.0	259
125.0	117
126.0	205
127.0	34
128.0	218
129.0	214
130.0	78
131.0	136
132.0	20
133.0	108
134.0	308
135.0	88
136.0	53
137.0	52
138.0	37
139.0	2
140.0	27
141.0	83
142.0	7
143.0	83
144.0	96
145.0	212
146.0	60
147.0	74
148.0	161
149.0	54
150.0	52
151.0	225
152.0	133
153.0	104
154.0	210
155.0	133
156.0	91
157.0	107
158.0	131
159.0	58
160.0	89
161.0	50
162.0	55
163.0	8
164.0	2
165.0	1
166.0	2
167.0	2
168.0	15
169.0	2
170.0	4
171.0	4
172.0	2
173.0	2
174.0	22
175.0	8
176.0	8
177.0	3
178.0	3
179.0	2
180.0	2
181.0	2
182.0	2
183.0	4
184.0	6
185.0	2
186.0	2
187.0	1
188.0	2
189.0	2
190.0	2
191.0	2
192.0	2
193.0	2
194.0	2
195.0	2
196.0	2
197.0	2
198.0	2
199.0	3
200.0	2
201.0	2
202.0	2
203.0	2
204.0	2
205.0	2
206.0	2
207.0	2
208.0	2
209.0	2
210.0	2
211.0	3
212.0	3
213.0	1
215.0	2
216.0	1
217.0	1
221.0	15
222.0	5
223.0	30
224.0	17
225.0	7
226.0	7
227.0	9
228.0	22
229.0	10
230.0	9
231.0	12
232.0	16
233.0	14
234.0	7
235.0	8
236.0	4
237.0	30
238.0	11
239.0	10
241.0	9
242.0	7
243.0	6
244.0	23
245.0	27
246.0	12
248.0	1
249.0	2
250.0	1
251.0	2
252.0	3
253.0	2
254.0	1
255.0	1
256.0	4
257.0	2
258.0	5
259.0	2
260.0	1
261.0	6
262.0	5
263.0	3
265.0	4
266.0	7
267.0	1
268.0	4
269.0	4
270.0	6
271.0	2
272.0	6
273.0	1
274.0	1
275.0	3
276.0	5
277.0	4
278.0	1
279.0	1
281.0	3
282.0	2
283.0	2
284.0	1
285.0	2
286.0	4
287.0	4
288.0	3
290.0	3
291.0	4
292.0	3
293.0	2
294.0	3
295.0	4
297.0	2
298.0	4
299.0	7
300.0	4
301.0	559
302.0	843
303.0	4
304.0	8
305.0	13
306.0	8
307.0	11
308.0	10
309.0	9
310.0	8
311.0	17
312.0	18
313.0	18
314.0	12
315.0	20
316.0	17
317.0	10
318.0	12
319.0	16873
320.0	17398
321.0	16871
322.0	17820
323.0	17496
324.0	17477
325.0	16230
326.0	18715
327.0	16755
328.0	20066
329.0	18583
330.0	17739
331.0	20
332.0	17234
333.0	17583
334.0	18280
335.0	5
336.0	2761
337.0	9
338.0	6
339.0	15727
340.0	17068
341.0	17585
342.0	16
343.0	17159
344.0	10
345.0	7
346.0	14825
347.0	15472
348.0	15878
349.0	18
350.0	18
351.0	14
352.0	15915
353.0	15573
354.0	15988
355.0	16037
356.0	17590
357.0	16164
358.0	17922
359.0	17376
360.0	17869
361.0	16881
362.0	16941
363.0	16990
364.0	17270
365.0	17051
366.0	19405
367.0	18764
368.0	18169
369.0	10967
370.0	6249
371.0	14278
372.0	17456
373.0	17818
374.0	16658
375.0	16480
376.0	16718
377.0	17250
378.0	16656
379.0	16510
380.0	15680
381.0	16623
382.0	16109
383.0	15931
384.0	16517
385.0	16407
386.0	16060
387.0	16479
388.0	17255
389.0	16964
390.0	17421
391.0	14
392.0	55837
393.0	24760
394.0	20320
395.0	19127
396.0	19920
397.0	21250
398.0	20781
399.0	21560
400.0	18618
401.0	19424
402.0	17746
403.0	20274
404.0	23596
405.0	18470
406.0	19145
407.0	19811
408.0	20142
409.0	19423
410.0	19448
411.0	16007
412.0	17963
413.0	16761
414.0	11860
415.0	16587
416.0	17094
417.0	18905
418.0	17648
419.0	17450
420.0	17684
421.0	16762
422.0	16623
423.0	17942
424.0	17887
425.0	17744
426.0	15306
427.0	17398
428.0	16319
429.0	16504
430.0	15750
431.0	16955
432.0	16996
433.0	17294
434.0	18565
435.0	16096
436.0	12597
437.0	18695
438.0	17521
439.0	11515
440.0	18186
441.0	17735
442.0	17157
443.0	18165
444.0	19520
445.0	19913
446.0	18749
447.0	17852
448.0	17294
449.0	19318
450.0	17312
451.0	18295
452.0	17230
453.0	16908
454.0	16402
455.0	15695
456.0	16577
457.0	17583
458.0	17712
459.0	19068
460.0	17837
461.0	17357
462.0	17664
463.0	18284
464.0	19002
465.0	18930
466.0	18822
467.0	14185
468.0	8965
469.0	9400
470.0	9797
471.0	9344
472.0	9719
473.0	9407
474.0	8855
475.0	10006
476.0	8844
477.0	8562
478.0	9874
479.0	11264
480.0	11608
481.0	11111
482.0	10670
483.0	11224
484.0	11032
485.0	11660
486.0	11966
487.0	11524
488.0	12121
489.0	11003
490.0	11132
491.0	10343
492.0	11622
493.0	11868
494.0	12256
495.0	10217
496.0	11671
497.0	9488
498.0	10823
499.0	13037
500.0	12839
501.0	13526
502.0	11278
503.0	12138
504.0	11476
505.0	11682
506.0	12938
507.0	12032
508.0	13077
509.0	11492
510.0	11544
511.0	10760
512.0	13472
513.0	13016
514.0	13821
515.0	13042
516.0	12951
517.0	11969
518.0	12994
519.0	13466
520.0	12883
521.0	13109
522.0	12760
523.0	13254
524.0	12859
525.0	13729
526.0	12095
527.0	11227
528.0	11062
529.0	10614
530.0	11756
531.0	13251
532.0	13662
533.0	13433
534.0	12583
535.0	12717
536.0	12596
537.0	12390
538.0	13399
539.0	12982
540.0	12328
541.0	12038
542.0	11311
543.0	13177
544.0	12077
545.0	11829
546.0	11632
547.0	12519
548.0	13157
549.0	12468
550.0	13823
551.0	10492
552.0	11574
553.0	13371
554.0	12136
555.0	12617
556.0	15427
557.0	14739
558.0	11171
559.0	29353
560.0	12936
561.0	13165
562.0	12207
563.0	4387
564.0	4284
565.0	12300
566.0	13475
567.0	12245
568.0	13321
569.0	10892
570.0	12110
571.0	13522
572.0	13386
573.0	12295
574.0	12382
575.0	15064
576.0	14323
577.0	14874
578.0	13670
579.0	12637
580.0	13836
581.0	25432
582.0	25566
583.0	24376
584.0	25689
585.0	25967
586.0	26378
587.0	24614
588.0	27012
589.0	26599
590.0	36726
591.0	25063
592.0	26557
593.0	16217
594.0	29959
595.0	28278
596.0	32098
597.0	16458
598.0	22135
599.0	18295
600.0	16351
601.0	31004
602.0	31205
603.0	31294
604.0	18158
605.0	18954
606.0	18649
607.0	20072
608.0	28289
609.0	29787
610.0	30910
611.0	20916
612.0	22332
613.0	21782
614.0	31387
615.0	27515
616.0	25768
617.0	27285
618.0	29698
619.0	31638
620.0	35154
621.0	30625
622.0	28324
623.0	31660
624.0	27158
625.0	34743
626.0	25881
627.0	26804
628.0	29747
629.0	29167
630.0	31226
631.0	25192
632.0	22001
633.0	29778
634.0	27843
635.0	32751
636.0	28908
637.0	31185
638.0	32621
639.0	27991
640.0	29280
641.0	29810
642.0	27194
643.0	27598
644.0	29339
645.0	29702
646.0	29640
647.0	35028
648.0	23788
649.0	21447
650.0	39478
651.0	32141
652.0	37497
653.0	17641
654.0	74479
655.0	59685
656.0	46353
657.0	47688
658.0	49368
659.0	32141
660.0	48727
661.0	43708
662.0	60213
663.0	58243
664.0	64316
665.0	67115
666.0	80915
667.0	71577
668.0	63363
669.0	49214
670.0	41114
671.0	40409
672.0	50422
673.0	48650
674.0	51821
675.0	56844
676.0	56713
677.0	47879
678.0	37235
679.0	52572
680.0	53807
681.0	51647
682.0	64887
683.0	66975
684.0	56042
685.0	54095
686.0	49447
687.0	62212
688.0	40238
689.0	41770
690.0	43090
691.0	46465
692.0	48541
693.0	57737
694.0	46370
695.0	67878
696.0	42748
697.0	65829
698.0	36188
699.0	52092
700.0	45292
701.0	32848
702.0	49663
703.0	46845
704.0	41211
705.0	39006
706.0	44583
707.0	41025
708.0	37681
709.0	38258
710.0	37164
711.0	42671
712.0	40113
713.0	38017
714.0	39285
715.0	35266
716.0	34223
717.0	46321
718.0	38340
719.0	39879
720.0	39249
721.0	42309
722.0	48977
723.0	36173
724.0	36630
725.0	35654
726.0	38384
727.0	43549
728.0	42575
729.0	44330
730.0	43423
731.0	42301
732.0	43207
733.0	41774
734.0	43067
735.0	47019
736.0	42592
737.0	38335
738.0	43797
739.0	39301
740.0	46330
741.0	48721
742.0	43756
743.0	40230
744.0	39269
745.0	43002
746.0	46019
747.0	44587
748.0	39440
749.0	51538
750.0	86380
751.0	50333
752.0	35676
753.0	35142
754.0	34153
755.0	30138
756.0	50079
757.0	51724
758.0	52896
759.0	45741
760.0	49555
761.0	49270
762.0	48459
763.0	50223
764.0	50666
765.0	45748
766.0	39823
767.0	36824
768.0	40166
769.0	40090
770.0	44283
771.0	37942
772.0	45299
773.0	40058
774.0	42128
775.0	41318
776.0	42020
777.0	42669
778.0	37241
779.0	35235
780.0	39039
781.0	38870
782.0	37896
783.0	45311
784.0	47531
785.0	39777
786.0	39701
787.0	47176
788.0	48609
789.0	46072
790.0	33342
791.0	33667
792.0	35053
793.0	44357
794.0	45773
795.0	46630
796.0	43911
797.0	42880
798.0	48229
799.0	43124
800.0	39760
801.0	37456
802.0	33893
803.0	42515
804.0	35965
805.0	38566
806.0	39911
807.0	44219
808.0	37134
809.0	42185
810.0	43437
811.0	42596
812.0	44998
813.0	42874
814.0	38836
815.0	44737
816.0	44011
817.0	46377
818.0	47248
819.0	45399
820.0	40074
821.0	50202
822.0	49958
823.0	50947
824.0	43185
825.0	1770
826.0	3429
827.0	50987
828.0	53625
829.0	44433
830.0	39919
831.0	40703
832.0	44269
833.0	46190
834.0	47812
835.0	43687
836.0	40857
837.0	25454
838.0	44282
839.0	60495
840.0	52778
841.0	43508
842.0	46600
843.0	47521
844.0	49350
845.0	46588
846.0	56567
847.0	50210
848.0	39465
849.0	21651
850.0	18333
851.0	23023
852.0	25101
853.0	34155
854.0	37975
855.0	34268
856.0	29237
857.0	29283
858.0	35238
859.0	34531
860.0	38102
861.0	38994
862.0	37223
863.0	37630
864.0	33027
865.0	43297
866.0	42163
867.0	41916
868.0	49803
869.0	46454
870.0	35270
871.0	67464
872.0	70054
873.0	68529
874.0	77005
875.0	76347
876.0	52668
877.0	65754
878.0	104877
879.0	51968
880.0	57827
881.0	54257
882.0	47944
883.0	46484
884.0	50048
885.0	57917
886.0	63591
887.0	71753
888.0	76705
889.0	84964
890.0	114293
891.0	69488
892.0	75276
893.0	55456
894.0	56465
895.0	53395
896.0	36157
897.0	37658
898.0	40158
899.0	37691
900.0	35203
901.0	35146
902.0	29241
903.0	36237
904.0	38265
905.0	39099
906.0	44006
907.0	66518
908.0	36226
909.0	41584
910.0	6989
911.0	1232
912.0	69994
913.0	45554
914.0	39844
915.0	34593
916.0	37693
917.0	34959
918.0	39675
919.0	39516
920.0	38089
921.0	245
922.0	37294
923.0	35244
924.0	36730
925.0	36012
926.0	31155
927.0	37040
928.0	33373
929.0	34436
930.0	31648
931.0	32883
932.0	32568
933.0	31450
934.0	37659
935.0	33417
936.0	33194
937.0	37666
938.0	35282
939.0	37694
940.0	53
941.0	18
942.0	15
943.0	15
944.0	36822
945.0	34406
946.0	23
947.0	9
948.0	12
949.0	16
950.0	7
951.0	4
952.0	3
953.0	1
954.0	5
955.0	14
956.0	11
957.0	6
958.0	6
959.0	9
960.0	3
961.0	1
962.0	1
963.0	3
964.0	2
965.0	1
966.0	1
967.0	1
968.0	1
969.0	1
970.0	1
971.0	2
974.0	1
975.0	3
976.0	1
979.0	1
980.0	1
990.0	2
991.0	2
993.0	2
994.0	2
998.0	1
999.0	2
1000.0	2
1001.0	2
1002.0	4
1003.0	3
1009.0	1
1010.0	2
1011.0	2
1012.0	1
1013.0	1
1014.0	1
1015.0	1
1016.0	1
1017.0	2
1018.0	1
1025.0	1
1026.0	1
1028.0	2
1029.0	2
1030.0	1
1031.0	2
1032.0	1
1036.0	1
1037.0	2
1040.0	3
1041.0	3
1042.0	2
1043.0	1
1044.0	1
1045.0	1
1046.0	1
1047.0	1
1050.0	1
1052.0	2
1053.0	2
1056.0	1
1058.0	1
1059.0	1
1061.0	1
1062.0	3
1065.0	1
1066.0	1
1067.0	1
1068.0	2
1069.0	1
1070.0	1
1073.0	2
1074.0	1
1078.0	2
1079.0	1
1082.0	2
1083.0	1
1085.0	1
1086.0	2
1087.0	1
1088.0	1
1089.0	1
1093.0	1
1094.0	2
1095.0	2
1096.0	2
1097.0	1
1098.0	1
1099.0	1
1100.0	1
1101.0	5
1102.0	2
1103.0	2
1104.0	3
1106.0	1
1107.0	2
1108.0	1
1109.0	2
1110.0	1
1111.0	2
1112.0	1
1115.0	2
1116.0	4
1117.0	2
1118.0	1
1119.0	1
1121.0	2
1122.0	3
1123.0	4
1124.0	1
1125.0	2
1126.0	1
1129.0	1
1130.0	1
1131.0	1
1132.0	4
1133.0	3
1137.0	2
1138.0	3
1139.0	2
1140.0	2
1141.0	1
1142.0	1
1143.0	1
1144.0	1
1145.0	2
1146.0	1
1147.0	1
1148.0	1
1149.0	1
1151.0	1
1152.0	1
1153.0	1
1154.0	1
1160.0	1
1161.0	1
1167.0	1
1172.0	1
1175.0	1
1176.0	1
1177.0	2
1179.0	1
1180.0	1
1185.0	1
1186.0	1
1187.0	1
1193.0	1
1194.0	1
1197.0	1
1198.0	2
1199.0	2
1200.0	1
1202.0	1
1203.0	1
1204.0	3
1205.0	1
1206.0	1
1207.0	1
1208.0	1
1209.0	1
1219.0	1
1220.0	1
1232.0	1
1233.0	2
1234.0	1
1239.0	1
1240.0	1
1241.0	1
1242.0	1
1243.0	1
1244.0	3
1245.0	2
1246.0	1
1249.0	1
1252.0	2
1253.0	1
1254.0	1
1255.0	2
1256.0	2
1257.0	3
1258.0	1
1259.0	3
1260.0	4
1261.0	3
1262.0	1
1263.0	1
1264.0	1
1265.0	3
1266.0	3
1267.0	5
1268.0	1
1269.0	5
1270.0	4
1271.0	2
1272.0	2
1273.0	3
1274.0	4
1275.0	6
1276.0	4
1277.0	4
1278.0	3
1279.0	2
1280.0	5
1281.0	2
1282.0	5
1283.0	4
1284.0	4
1285.0	2
1286.0	3
1287.0	5
1288.0	5
1289.0	3
1291.0	2
1292.0	5
1293.0	3
1294.0	4
1295.0	3
1296.0	1
1297.0	6
1298.0	5
1299.0	3
1300.0	3
1302.0	1
1303.0	4
1304.0	7
1305.0	5
1306.0	3
1307.0	1
1311.0	1
1312.0	2
1313.0	2
1314.0	2
1315.0	1
1316.0	2
1318.0	1
1319.0	4
1320.0	3
1321.0	1
1322.0	1
1324.0	2
1325.0	2
1326.0	2
1327.0	3
1328.0	4
1329.0	3
1330.0	2
1331.0	2
1332.0	1
1334.0	1
1335.0	2
1338.0	2
1340.0	1
1341.0	1
1342.0	1
1343.0	2
1344.0	1
1345.0	1
1346.0	2
1347.0	2
1348.0	1
1349.0	1
1350.0	3
1351.0	2
1356.0	1
1358.0	2
1359.0	2
1360.0	1
1363.0	2
1364.0	3
1365.0	1
1369.0	1
1371.0	2
1372.0	4
1373.0	1
1374.0	1
1376.0	2
1377.0	2
1379.0	2
1380.0	4
1381.0	4
1382.0	2
1383.0	1
1384.0	1
1385.0	2
1386.0	1
1387.0	4
1388.0	3
1389.0	2
1390.0	4
1391.0	2
1392.0	1
1393.0	2
1394.0	1
1395.0	321
1396.0	277
1397.0	271
1398.0	290
1399.0	292
1400.0	222
1401.0	301
1402.0	259
1403.0	267
1404.0	265
1405.0	266
1406.0	306
1408.0	304
1409.0	298
1410.0	321
1412.0	182
1414.0	1
1415.0	327
1416.0	303
1417.0	271
1420.0	1
1421.0	2
1422.0	531
1423.0	543
1424.0	525
1425.0	2
1428.0	485
1429.0	543
1430.0	494
1431.0	528
1432.0	574
1433.0	533
1434.0	549
1435.0	528
1436.0	522
1437.0	529
1438.0	540
1439.0	546
1440.0	546
1441.0	564
1442.0	564
1443.0	575
1444.0	567
1445.0	546
1446.0	349
1447.0	513
1448.0	581
1449.0	559
1450.0	544
1451.0	568
1452.0	572
1453.0	570
1454.0	579
1455.0	561
1456.0	585
1457.0	587
1458.0	598
1459.0	580
1460.0	562
1461.0	569
1462.0	751
1463.0	618
1464.0	587
1465.0	600
1466.0	642
1468.0	432
1469.0	357
1470.0	418
1471.0	428
1472.0	603
1473.0	579
1474.0	563
1475.0	574
1476.0	525
1477.0	563
1478.0	582
1479.0	601
1480.0	605
1481.0	590
1482.0	591
1483.0	408
1484.0	257
1485.0	193
1486.0	254
1487.0	255
1488.0	138
1489.0	90
1490.0	119
1491.0	253
1492.0	260
1493.0	230
1494.0	245
1495.0	190
1496.0	194
1497.0	251
1498.0	260
1499.0	254
1500.0	256
1501.0	251
1502.0	247
1503.0	244
1504.0	250
1505.0	250
1506.0	241
1507.0	177
1508.0	233
1509.0	248
1510.0	194
1511.0	198
1512.0	244
1513.0	248
1514.0	196
1515.0	224
1516.0	257
1517.0	208
1518.0	207
1519.0	250
1520.0	255
1521.0	256
1522.0	173
1523.0	198
1524.0	239
1525.0	239
1526.0	235
1527.0	192
1528.0	196
1529.0	248
1530.0	253
1531.0	254
1532.0	271
1533.0	271
1534.0	260
1535.0	261
1536.0	271
1537.0	201
1538.0	202
1539.0	243
1540.0	252
1541.0	306
1542.0	286
1543.0	278
1544.0	299
1545.0	315
1546.0	265
1547.0	277
1548.0	311
1549.0	296
1550.0	259
1551.0	295
1552.0	308
1553.0	188
1554.0	181
1555.0	174
1556.0	212
1557.0	123
1558.0	155
1559.0	120
1560.0	121
1561.0	229
1562.0	280
1563.0	265
1564.0	130
1565.0	148
1566.0	229
1567.0	238
1568.0	241
1569.0	248
1570.0	194
1571.0	221
1572.0	243
1573.0	197
1574.0	246
1575.0	253
1576.0	193
1577.0	239
1578.0	243
1579.0	245
1580.0	242
1581.0	249
1582.0	256
1583.0	263
1584.0	257
1585.0	251
1586.0	250
1587.0	255
1588.0	244
1589.0	246
1590.0	249
1591.0	258
1592.0	251
1593.0	213
1594.0	218
1595.0	216
1596.0	256
1597.0	237
1598.0	251
1599.0	253
1600.0	245
1601.0	248
1602.0	255
1603.0	255
1604.0	243
1605.0	238
1606.0	245
1607.0	195
1608.0	248
1609.0	256
1610.0	260
1611.0	248
1612.0	260
1613.0	253
1614.0	243
1615.0	255
1616.0	256
1617.0	257
1618.0	251
1619.0	253
1620.0	257
1621.0	249
1622.0	246
1623.0	251
1624.0	253
1625.0	238
1626.0	246
1627.0	241
1628.0	241
1629.0	222
1630.0	204
1631.0	196
1632.0	201
1633.0	246
1634.0	236
1635.0	297
1636.0	222
1637.0	236
1638.0	233
1639.0	1
1640.0	1
1641.0	178
1642.0	205
1643.0	178
1644.0	153
1645.0	226
1646.0	238
1647.0	241
1648.0	248
1649.0	221
1650.0	201
1651.0	223
1652.0	186
1653.0	255
1654.0	246
1655.0	255
1656.0	246
1657.0	237
1658.0	232
1659.0	239
1660.0	248
1661.0	250
1662.0	244
1663.0	247
1664.0	170
1665.0	121
1666.0	161
1667.0	235
1668.0	243
1669.0	237
1670.0	223
1671.0	167
1672.0	194
1673.0	177
1674.0	125
1675.0	127
1676.0	180
1677.0	247
1678.0	248
1679.0	251
1680.0	247
1681.0	250
1682.0	250
1683.0	192
1684.0	186
1685.0	252
1686.0	253
1687.0	251
1688.0	243
1689.0	249
1690.0	237
1691.0	239
1692.0	237
1693.0	214
1694.0	195
1695.0	183
1696.0	176
1697.0	161
1698.0	179
1699.0	212
1700.0	232
1701.0	713
1702.0	1193
1703.0	1165
1704.0	999
1705.0	238
1706.0	220
1707.0	277
1708.0	221
1709.0	229
1710.0	231
1711.0	228
1712.0	222
1713.0	214
1714.0	195
1715.0	124
1716.0	120
1717.0	117
1718.0	66
1719.0	102
1720.0	147
1721.0	199
1722.0	199
1723.0	159
1726.0	196
1727.0	167
1728.0	187
1729.0	207
1730.0	199
1731.0	195
1732.0	158
1733.0	219
1734.0	210
1736.0	208
1737.0	227
1738.0	223
1739.0	215
1740.0	201
1741.0	190
1742.0	207
1743.0	210
1744.0	211
1745.0	222
1746.0	210
1747.0	215
1748.0	223
1749.0	161
1750.0	167
1751.0	223
1752.0	220
1753.0	161
1758.0	208
1759.0	154
1763.0	1
1764.0	2
1765.0	1
