0.0	37605010
1.0	9793326
2.0	7123450
3.0	4531540
4.0	4233658
5.0	4401087
6.0	3919301
7.0	4958061
8.0	3513723
9.0	2064508
10.0	2121794
11.0	1893061
12.0	1642196
13.0	1874106
14.0	1405037
15.0	1830264
16.0	2372817
17.0	2020083
18.0	1953447
19.0	2279311
20.0	2167911
21.0	2622116
22.0	2679625
23.0	2312548
24.0	2232945
25.0	2166779
26.0	1961535
27.0	2186454
28.0	1733508
29.0	1786466
30.0	1152199
31.0	128915
32.0	6581
33.0	142228
34.0	33310
35.0	3433
36.0	9304
37.0	6434
38.0	4918
39.0	10262
40.0	6696
41.0	7550
42.0	10091
43.0	11957
44.0	16025
45.0	22105
46.0	132795
47.0	234239
48.0	168525
49.0	35941
50.0	47703
51.0	50340
52.0	68859
53.0	71988
54.0	30133
55.0	39034
56.0	35820
57.0	40375
58.0	19532
59.0	69916
60.0	50337
61.0	2567
62.0	2991
63.0	3899
64.0	7378
65.0	6910
66.0	1376
67.0	1674
68.0	1073
69.0	379
70.0	625
71.0	1093
72.0	2964
73.0	197
74.0	312
80.0	724
81.0	112
82.0	1
83.0	41
84.0	64
87.0	2
88.0	13
92.0	4
93.0	2
94.0	3
