0.0	212
1.0	97
2.0	146
3.0	4893
4.0	3205
5.0	1528
6.0	66
7.0	256
8.0	145
9.0	83
10.0	195885
11.0	319999
12.0	490405
13.0	587362
14.0	516042
15.0	428900
16.0	348854
17.0	379396
18.0	376451
19.0	631518
20.0	812257
21.0	1008793
22.0	1632170
23.0	1314629
24.0	1275538
25.0	1331279
26.0	1238552
27.0	1262791
28.0	1163991
29.0	1857463
30.0	1071192
31.0	414916
32.0	25
33.0	35
34.0	26
35.0	25
36.0	38
37.0	44
38.0	19
39.0	17
40.0	13
41.0	31
42.0	99
43.0	71
44.0	44
45.0	32
46.0	3973
47.0	9380
48.0	16226
49.0	11073
50.0	6854
51.0	7387
52.0	6916
53.0	7366
54.0	6405
55.0	6415
56.0	9893
57.0	4934
58.0	3187
