1	443985
2	37763
3	26642
4	12609
5	8776
6	7083
7	5073
8	3833
9	3189
10	3761
11	1966
12	1981
13	1581
14	1275
15	1262
16	952
17	933
18	820
19	881
20	1137
21	770
22	594
23	527
24	528
25	1019
26	422
27	377
28	361
29	353
30	585
31	317
32	321
33	305
34	279
35	260
36	229
37	210
38	221
39	181
40	394
41	191
42	187
43	142
44	150
45	135
46	128
47	135
48	155
49	214
50	392
51	202
52	182
53	153
54	113
55	152
56	190
57	248
58	146
59	109
60	166
61	104
62	74
63	95
64	96
65	107
66	61
67	65
68	75
69	69
70	112
71	56
72	58
73	84
74	73
75	107
76	67
77	37
78	50
79	33
80	63
81	45
82	42
83	48
84	48
85	50
86	87
87	31
88	45
89	48
90	67
91	47
92	39
93	47
94	36
95	41
96	41
97	43
98	49
99	59
100	112
101	41
102	22
103	38
104	44
105	28
106	28
107	30
108	25
109	26
110	44
111	25
112	23
113	25
114	23
115	32
116	37
117	17
118	14
119	41
120	46
121	34
122	28
123	40
124	31
125	38
126	28
127	31
128	16
129	29
130	24
131	31
132	46
133	39
134	34
135	27
136	20
137	14
138	19
139	16
140	24
141	17
142	21
143	23
144	17
145	17
146	23
147	17
148	23
149	30
150	35
151	17
152	18
153	18
154	15
155	12
156	16
157	18
158	10
159	22
160	10
161	18
162	10
163	19
164	15
165	14
166	17
167	11
168	9
169	9
170	25
171	10
172	17
173	3
174	7
175	25
176	12
177	13
178	15
179	11
180	17
181	9
182	15
183	13
184	14
185	19
186	6
187	16
188	11
189	12
190	21
191	10
192	17
193	14
194	4
195	10
196	9
197	11
198	19
199	9
200	19
201	12
202	9
203	13
204	15
205	12
206	9
207	7
208	9
209	15
210	9
211	2
212	9
213	9
214	10
215	7
216	10
217	5
218	4
219	5
220	9
221	8
222	5
223	10
224	10
225	6
226	13
227	9
228	4
229	5
230	7
231	12
232	5
233	11
234	5
235	6
237	9
238	9
239	12
240	10
241	6
242	2
243	4
244	2
245	9
246	10
247	6
248	9
249	14
250	15
251	11
252	9
253	9
254	2
255	4
256	10
257	8
258	9
259	17
260	8
261	6
262	10
263	8
264	9
265	6
266	11
267	8
268	4
269	4
270	5
271	5
272	4
273	6
274	6
275	4
276	7
277	7
278	5
279	7
280	10
281	10
282	7
283	9
284	11
285	3
286	6
287	5
288	6
289	8
290	11
291	7
292	4
293	4
294	5
295	3
296	6
297	3
298	5
299	8
300	4
301	10
302	4
303	2
304	5
305	3
306	3
307	6
309	8
310	1
311	4
312	7
313	5
314	3
315	6
316	7
317	5
318	3
319	3
320	8
321	7
322	7
323	3
324	1
325	2
326	6
327	3
328	5
329	4
330	6
331	8
332	6
333	4
334	4
335	4
336	3
337	5
338	4
340	7
341	2
342	4
343	1
344	5
345	4
346	2
347	6
348	5
349	4
350	6
351	3
352	4
353	6
354	3
355	3
356	7
357	2
358	6
359	3
360	1
361	3
362	3
363	4
364	3
365	6
366	5
367	5
368	3
369	1
370	5
371	6
372	5
373	2
374	2
375	5
376	4
377	4
378	2
379	1
380	2
381	3
382	4
383	5
384	2
385	1
386	4
387	4
388	5
389	2
390	6
391	2
392	6
393	3
394	1
395	5
396	3
397	2
398	4
399	3
400	4
401	5
402	3
403	2
404	4
405	4
406	4
407	4
408	6
409	1
410	1
411	5
412	2
414	6
415	3
416	6
417	4
418	2
419	4
421	2
422	3
423	3
425	1
426	2
427	2
428	2
429	5
430	4
431	2
432	2
433	3
434	2
435	6
436	2
437	4
438	8
439	3
441	2
442	2
443	3
444	3
445	5
446	4
447	4
448	3
449	4
450	4
451	1
452	1
453	3
454	5
455	1
456	4
457	4
458	3
459	1
460	1
461	4
462	1
463	3
464	1
465	3
466	1
467	2
468	3
469	3
470	1
471	1
472	2
473	3
474	4
475	2
476	2
477	1
479	1
480	2
483	3
484	3
485	2
486	2
487	3
488	1
489	5
490	3
491	2
492	4
493	3
494	4
495	3
496	1
497	2
498	2
499	5
500	4
501	2
502	8
504	4
505	3
506	6
507	4
508	3
510	6
512	2
513	3
514	3
516	2
517	3
518	2
519	5
520	3
521	2
522	2
523	2
524	1
525	4
526	2
527	3
528	5
529	1
531	2
533	1
535	2
537	2
538	2
539	4
540	3
542	1
543	2
544	1
545	2
546	1
548	5
549	1
550	3
551	3
552	5
554	1
555	2
556	2
557	1
558	2
559	1
560	3
561	4
562	3
563	2
564	5
565	4
566	6
568	1
569	6
570	7
571	4
572	10
573	3
574	3
575	1
576	2
579	1
580	6
581	3
582	1
583	1
584	3
585	2
586	1
587	1
588	3
589	2
590	7
591	2
592	1
593	4
594	1
595	3
596	1
597	3
600	1
601	3
602	2
603	1
605	3
606	3
607	5
608	6
610	2
611	1
612	1
613	1
614	2
615	2
616	2
617	2
618	1
619	1
620	4
621	1
622	3
623	2
624	2
625	2
626	1
627	2
628	2
630	4
631	4
632	2
634	1
635	1
636	5
637	3
638	1
639	2
640	3
641	1
642	4
644	2
645	2
646	1
647	1
649	2
650	1
651	1
652	3
653	1
655	3
656	1
657	1
658	4
659	2
660	2
661	3
662	2
664	1
665	1
666	3
667	2
669	1
672	2
673	2
674	1
675	1
676	2
677	2
679	1
680	1
683	3
684	1
686	2
687	2
689	1
690	4
691	1
692	3
693	2
694	1
695	1
696	3
697	1
698	1
699	1
700	2
701	4
702	1
704	1
705	1
706	2
709	5
710	2
711	1
712	3
714	2
715	1
718	2
719	4
720	2
721	1
722	2
723	2
726	3
727	1
728	4
729	4
730	2
731	1
732	3
733	1
735	1
736	2
738	2
739	2
740	2
741	3
742	2
743	2
744	2
746	5
747	1
748	5
749	1
750	1
752	1
754	1
755	1
756	2
758	2
759	2
761	1
762	1
763	1
764	1
765	1
766	2
767	2
768	1
769	3
771	1
772	2
773	3
775	2
776	4
777	1
778	1
779	3
780	2
783	1
786	1
787	2
788	1
789	1
790	1
791	3
792	1
793	3
794	2
795	2
797	1
798	5
799	3
800	2
801	1
803	1
805	1
806	2
807	2
808	1
809	3
810	1
811	1
812	1
813	1
814	3
815	3
816	2
817	3
819	3
821	2
822	1
824	2
825	3
826	1
827	3
829	4
830	3
831	4
832	2
834	1
835	3
838	1
839	2
840	1
841	1
842	1
843	1
844	3
845	2
847	1
848	1
849	1
850	1
852	3
853	2
854	2
855	1
856	2
858	2
861	2
862	4
863	1
864	1
865	1
868	5
869	2
870	1
871	3
872	2
873	3
874	1
875	3
876	2
877	2
878	1
880	2
882	1
883	2
885	1
886	1
887	1
889	3
890	3
892	1
893	2
895	4
896	1
898	2
899	3
902	1
903	3
907	2
912	2
913	1
914	1
915	2
918	1
919	1
920	1
922	2
923	1
924	1
925	1
927	1
928	2
929	1
930	3
932	1
934	1
935	1
936	1
939	1
940	2
941	1
942	1
943	3
945	1
948	1
949	1
951	2
952	1
953	1
956	2
959	2
960	1
962	3
963	3
967	1
970	1
974	1
975	1
977	2
978	1
979	1
980	1
981	1
982	2
983	1
984	1
986	3
989	1
990	3
991	1
992	1
993	1
995	1
996	1
997	4
998	1
999	3
1000	2
1001	3
1002	2
1003	1
1006	1
1008	1
1009	3
1010	1
1011	2
1013	2
1018	1
1019	2
1021	1
1024	1
1025	1
1026	5
1028	1
1029	1
1031	1
1033	1
1034	1
1035	4
1036	1
1037	1
1038	1
1039	1
1040	1
1041	2
1047	2
1048	2
1049	1
1050	2
1052	2
1053	1
1054	1
1055	2
1057	3
1058	1
1061	1
1064	1
1068	2
1069	1
1070	1
1071	1
1073	1
1079	1
1080	1
1082	2
1084	2
1085	1
1089	1
1092	2
1094	1
1095	1
1098	2
1099	3
1101	1
1102	1
1112	3
1113	2
1116	2
1119	2
1121	1
1122	1
1124	1
1126	2
1130	1
1132	1
1133	1
1134	1
1136	1
1139	1
1144	1
1145	1
1146	1
1148	1
1150	2
1152	1
1153	2
1155	1
1156	1
1157	1
1158	1
1159	1
1161	1
1163	1
1164	1
1169	1
1171	2
1173	1
1174	1
1178	1
1179	1
1181	1
1184	2
1188	1
1189	1
1190	1
1192	1
1193	2
1194	1
1197	3
1198	1
1200	1
1202	1
1212	1
1216	1
1218	1
1222	1
1223	1
1225	3
1226	1
1227	1
1231	1
1233	2
1238	2
1242	1
1246	1
1247	1
1248	1
1249	3
1250	4
1251	2
1253	1
1254	2
1256	1
1257	1
1258	1
1260	1
1263	1
1265	1
1270	1
1271	1
1272	1
1273	1
1274	1
1275	1
1276	2
1277	1
1279	2
1281	2
1283	1
1288	1
1289	2
1291	1
1292	1
1293	1
1295	1
1298	1
1299	2
1301	1
1306	2
1309	1
1310	1
1312	1
1314	1
1315	2
1318	1
1320	4
1324	1
1325	2
1327	1
1328	2
1331	1
1332	1
1333	1
1334	2
1335	1
1337	2
1339	2
1340	1
1343	1
1344	1
1345	2
1347	1
1350	1
1351	2
1352	1
1354	1
1355	1
1356	3
1358	1
1359	2
1360	1
1361	1
1362	1
1366	1
1368	1
1369	1
1371	2
1372	1
1374	2
1378	1
1379	1
1380	2
1382	1
1383	1
1385	1
1387	1
1389	2
1397	2
1400	1
1402	2
1403	1
1404	1
1405	1
1407	1
1408	1
1411	1
1413	1
1414	1
1417	1
1418	1
1419	1
1425	1
1430	2
1433	2
1434	1
1436	1
1442	1
1447	1
1448	1
1455	1
1457	1
1459	2
1462	1
1463	1
1464	1
1465	2
1470	1
1472	1
1476	1
1477	1
1481	1
1482	1
1488	1
1490	1
1492	1
1494	1
1495	1
1498	1
1501	2
1502	1
1504	1
1506	2
1508	1
1512	2
1513	1
1515	2
1516	2
1518	1
1523	1
1529	2
1530	1
1531	1
1533	1
1535	1
1539	1
1542	1
1544	2
1545	1
1547	1
1550	1
1554	2
1557	1
1559	2
1560	1
1563	1
1564	1
1570	1
1573	1
1574	1
1578	1
1582	1
1583	2
1584	1
1586	1
1588	3
1591	3
1603	1
1606	1
1607	1
1611	1
1614	1
1618	2
1619	1
1624	1
1626	2
1627	2
1629	1
1632	2
1635	1
1639	1
1644	2
1648	1
1651	1
1652	1
1653	1
1657	1
1658	1
1659	3
1665	1
1676	1
1681	1
1691	1
1696	1
1701	1
1702	1
1712	1
1713	1
1716	2
1725	1
1728	1
1729	1
1731	1
1735	1
1737	1
1738	1
1739	1
1743	1
1746	1
1748	1
1753	1
1756	1
1757	1
1758	1
1762	1
1763	1
1767	1
1783	2
1785	2
1787	1
1790	1
1791	1
1792	1
1796	1
1798	1
1800	1
1801	1
1810	1
1811	1
1812	1
1818	1
1831	1
1832	1
1835	1
1853	1
1863	1
1870	1
1876	1
1890	1
1891	1
1892	1
1896	1
1898	1
1900	1
1902	1
1910	1
1914	1
1917	1
1918	1
1919	1
1921	1
1924	1
1925	1
1931	2
1935	1
1936	1
1944	1
1947	1
1952	1
1960	1
1963	1
1966	1
1970	3
1976	1
1978	1
1979	1
1980	2
1986	1
1991	1
1999	1
2000	1
2001	2
2003	1
2004	1
2005	2
2006	1
2007	1
2010	1
2011	1
2012	1
2017	1
2018	1
2019	1
2022	1
2028	1
2031	1
2033	1
2036	2
2038	1
2040	1
2044	1
2045	1
2049	1
2052	1
2058	1
2059	1
2060	1
2066	1
2067	1
2071	1
2075	1
2076	1
2083	1
2088	1
2102	1
2107	3
2124	2
2130	1
2131	1
2133	1
2139	1
2140	1
2141	1
2142	1
2143	1
2147	1
2148	1
2152	3
2167	1
2169	1
2171	1
2177	1
2179	1
2180	1
2181	1
2185	1
2189	1
2190	1
2196	1
2200	1
2204	1
2213	1
2216	1
2222	1
2223	1
2224	1
2227	1
2229	1
2231	1
2232	1
2233	1
2259	1
2261	1
2274	1
2280	1
2283	1
2288	3
2299	1
2300	1
2301	2
2303	1
2314	1
2320	1
2322	1
2323	1
2325	1
2327	1
2334	1
2341	1
2351	1
2354	1
2358	1
2361	1
2367	2
2371	1
2394	1
2395	1
2411	1
2422	1
2423	1
2431	1
2434	2
2438	1
2443	1
2446	1
2453	1
2458	1
2467	1
2475	1
2487	1
2490	1
2491	1
2493	1
2497	1
2500	1
2502	1
2504	1
2507	1
2509	1
2510	1
2515	1
2516	1
2521	1
2527	1
2531	2
2539	1
2548	1
2550	1
2560	1
2564	1
2572	1
2574	2
2579	1
2583	1
2588	1
2589	1
2599	1
2605	1
2606	1
2607	1
2609	1
2619	1
2622	1
2624	1
2626	1
2634	2
2638	1
2639	1
2642	1
2648	1
2651	1
2652	1
2665	1
2674	1
2676	1
2683	3
2686	1
2687	1
2690	1
2694	2
2707	1
2712	1
2723	1
2729	1
2739	1
2752	1
2757	1
2762	1
2766	1
2775	1
2780	1
2784	1
2786	1
2789	1
2795	1
2799	1
2805	1
2806	1
2815	1
2818	1
2839	1
2841	1
2847	1
2852	1
2872	1
2882	1
2888	1
2894	1
2902	1
2904	1
2905	1
2912	1
2924	1
2934	1
2943	1
2946	1
2947	1
2959	1
2964	1
2969	1
2973	1
2976	2
2978	1
2982	1
2991	1
2993	1
2994	1
3003	1
3005	1
3018	1
3026	1
3053	1
3093	1
3096	1
3109	1
3133	1
3138	1
3143	1
3147	1
3155	1
3156	1
3163	1
3169	1
3175	1
3176	1
3179	1
3199	1
3202	1
3205	1
3224	1
3231	1
3255	1
3289	1
3308	1
3312	1
3313	1
3324	1
3330	1
3331	1
3334	1
3338	1
3342	1
3343	1
3346	1
3351	1
3374	1
3388	1
3405	1
3421	1
3434	1
3437	1
3452	1
3482	1
3484	1
3507	1
3540	1
3553	1
3558	1
3567	1
3576	1
3577	1
3580	1
3606	1
3608	1
3616	1
3622	1
3638	1
3642	1
3668	1
3709	1
3741	1
3743	1
3747	1
3756	1
3771	1
3793	2
3798	1
3812	1
3813	1
3829	1
3847	1
3854	1
3864	1
3899	1
3907	1
3928	1
3929	1
3949	1
3957	1
4003	1
4014	1
4082	1
4088	1
4098	1
4133	1
4181	2
4218	1
4261	1
4378	1
4386	1
4415	1
4420	1
4437	1
4451	1
4477	1
4496	1
4511	1
4513	1
4587	1
4605	1
4606	1
4615	1
4653	1
4661	1
4680	1
4709	1
4748	1
4753	1
4767	1
4770	1
4796	1
4821	1
4822	1
4839	1
4841	1
4877	1
4919	1
4959	1
4972	1
4991	1
5001	1
5023	1
5031	1
5051	1
5053	1
5074	1
5088	1
5090	1
5135	1
5142	1
5148	1
5152	1
5175	1
5176	1
5184	1
5191	1
5211	1
5242	1
5281	1
5284	1
5292	1
5305	1
5313	1
5336	1
5346	1
5381	1
5401	1
5450	1
5475	1
5483	1
5551	1
5576	2
5598	1
5633	1
5757	1
5760	1
5767	1
5810	1
5826	1
5947	1
5968	1
6007	1
6090	1
6101	1
6221	1
6230	1
6235	1
6259	1
6309	1
6314	1
6389	1
6502	1
6515	1
6699	1
6715	1
6728	1
6736	1
6742	1
6761	1
6764	1
6768	1
6771	1
6811	1
6894	1
6907	1
6948	1
6961	1
6967	1
6994	1
7033	1
7099	1
7100	1
7138	1
7171	1
7189	1
7195	1
7230	1
7458	1
7482	1
7503	1
7509	1
7535	1
7548	1
7769	1
7790	1
7792	1
7798	1
7823	1
7834	1
7936	1
7941	1
7994	1
8198	1
8314	1
8326	1
8352	1
8618	1
9076	1
9206	1
9322	1
9455	1
9540	1
9657	1
9737	1
9790	1
10271	1
10355	1
10384	1
10425	1
10449	1
10481	1
10491	1
10492	1
10606	1
10823	1
10873	1
10894	1
10903	1
10932	1
10958	1
11044	1
11127	1
11187	1
11249	1
11280	1
11391	1
11441	1
11831	1
11870	1
11904	1
11934	1
12165	1
12228	1
12329	1
12412	1
12416	1
12687	1
13189	1
13308	1
13516	1
13549	1
13592	1
13729	1
14023	1
14518	1
14971	1
14987	1
15399	1
15592	1
15774	1
16012	1
16127	1
16661	1
17446	1
17481	1
18203	1
20004	1
20036	1
20298	1
20413	1
20424	1
20763	1
23105	1
23883	1
24483	1
25792	1
26850	1
27070	1
32425	1
32486	1
33666	1
34218	1
37701	1
40824	1
40940	1
41399	1
41719	1
42744	1
44398	1
46102	1
61284	1
77346	1
91853	1
92564	1
118868	1
122047	1
126022	1
153616	1
210980	1
354437	1
1156798	1
