0.0	860151
1.0	411567
2.0	393609
3.0	294630
4.0	265248
5.0	237205
6.0	133308
7.0	135863
8.0	142716
9.0	95710
10.0	79686
11.0	75077
12.0	94838
13.0	78604
14.0	98753
15.0	97327
16.0	96039
17.0	90116
18.0	102309
19.0	161771
20.0	183112
21.0	95205
22.0	53649
23.0	55270
24.0	49170
25.0	53013
26.0	47508
27.0	58226
28.0	53017
29.0	58091
30.0	45508
31.0	44216
32.0	37754
33.0	39104
34.0	58844
35.0	45742
36.0	43292
37.0	21257
38.0	15584
39.0	7804
40.0	18187
41.0	12603
42.0	7063
43.0	3585
44.0	4141
45.0	3634
46.0	3956
47.0	2399
48.0	3923
49.0	10229
50.0	5335
51.0	7191
52.0	11847
53.0	22110
54.0	19386
55.0	25038
56.0	19203
57.0	6307
58.0	4135
59.0	9193
60.0	11365
61.0	10999
62.0	5037
63.0	4010
64.0	3509
65.0	4985
66.0	1007
67.0	9425
68.0	7472
69.0	5990
70.0	3753
71.0	4075
72.0	2767
73.0	4733
74.0	2574
75.0	3125
76.0	3141
77.0	4567
78.0	3130
79.0	4358
80.0	5017
81.0	4255
82.0	3768
83.0	11153
84.0	10292
85.0	11266
86.0	12435
87.0	5291
88.0	5457
89.0	5473
90.0	6644
91.0	6102
92.0	3799
93.0	3554
94.0	3966
95.0	3792
96.0	9773
97.0	6057
98.0	5162
99.0	3818
100.0	4047
101.0	5706
102.0	2199
103.0	3573
104.0	3306
105.0	4498
106.0	9614
107.0	11973
108.0	8978
109.0	16459
110.0	11693
111.0	10369
112.0	6763
113.0	5827
114.0	6712
115.0	16024
116.0	20286
117.0	21323
118.0	15262
119.0	15286
120.0	19533
121.0	18444
122.0	23059
123.0	20093
124.0	21689
125.0	19180
126.0	21722
127.0	13568
128.0	13905
129.0	17160
130.0	13785
131.0	16090
132.0	19224
133.0	15574
134.0	14252
135.0	14408
136.0	26066
137.0	21901
138.0	12298
139.0	12153
140.0	15067
141.0	14387
142.0	14920
143.0	24894
144.0	13399
145.0	11700
146.0	22739
147.0	17107
148.0	20062
149.0	14636
150.0	18799
151.0	21489
152.0	18336
153.0	11448
154.0	18572
155.0	14899
156.0	6645
157.0	6386
158.0	9517
159.0	7473
160.0	7315
161.0	14019
162.0	11323
163.0	9934
164.0	15993
165.0	14878
166.0	16064
167.0	10162
168.0	12272
169.0	12736
170.0	14538
171.0	11440
172.0	26485
173.0	18540
174.0	18976
175.0	16769
176.0	12992
177.0	13033
178.0	12007
179.0	13234
180.0	17174
181.0	8792
182.0	13769
183.0	9144
184.0	7874
185.0	7861
186.0	6503
187.0	10178
188.0	7716
189.0	9777
190.0	7973
191.0	9624
192.0	8305
193.0	9110
194.0	8644
195.0	12427
196.0	9141
197.0	10413
198.0	9078
199.0	17156
200.0	13618
201.0	9941
202.0	10570
203.0	9141
204.0	10001
205.0	9177
206.0	11907
207.0	10989
208.0	9453
209.0	11001
210.0	16554
211.0	9938
212.0	9933
213.0	7576
214.0	9010
215.0	9567
216.0	5889
217.0	5905
218.0	12251
219.0	9683
220.0	11431
221.0	9017
222.0	16652
223.0	18698
224.0	9124
225.0	4409
226.0	4825
227.0	4619
228.0	3966
229.0	3160
230.0	2389
231.0	5061
232.0	2278
233.0	2665
234.0	2242
235.0	3592
236.0	3789
237.0	3381
238.0	7228
239.0	4976
240.0	5497
241.0	9292
242.0	8189
243.0	5756
244.0	4057
245.0	1477
246.0	3632
247.0	823
248.0	2028
249.0	4542
250.0	2794
251.0	3072
252.0	2890
253.0	2044
254.0	2018
255.0	3985
256.0	2377
257.0	2286
258.0	2487
259.0	4253
260.0	6345
261.0	6973
262.0	15577
263.0	8092
264.0	2521
265.0	4545
266.0	1510
267.0	2162
268.0	1784
269.0	2865
270.0	2185
271.0	2010
272.0	1213
273.0	1175
274.0	801
275.0	645
276.0	892
277.0	1321
278.0	1009
279.0	1040
280.0	1812
281.0	3614
282.0	2418
283.0	1623
284.0	2369
285.0	1938
286.0	1713
287.0	2210
288.0	1918
289.0	3060
290.0	1164
291.0	1730
292.0	4208
293.0	2261
294.0	2586
295.0	2449
296.0	3077
297.0	3297
298.0	1591
299.0	5106
300.0	7561
301.0	4535
302.0	8597
303.0	1659
304.0	764
305.0	1098
306.0	1878
307.0	1026
308.0	1729
309.0	1114
310.0	2874
311.0	3605
312.0	2542
313.0	2422
314.0	1244
315.0	1703
316.0	1526
317.0	1447
318.0	4799
319.0	3178
320.0	3382
321.0	3477
322.0	1535
323.0	3123
324.0	2546
325.0	1418
326.0	850
327.0	347
328.0	298
329.0	1387
330.0	1191
331.0	740
332.0	387
333.0	1856
334.0	552
335.0	749
336.0	415
337.0	541
338.0	1644
339.0	1071
340.0	628
341.0	1255
342.0	2415
343.0	1642
344.0	2192
345.0	481
346.0	825
347.0	2725
348.0	2282
349.0	1433
350.0	2561
351.0	11188
352.0	1158
353.0	816
354.0	1485
355.0	2138
356.0	2386
357.0	1699
358.0	2256
359.0	2058
360.0	1341
361.0	1362
362.0	2146
363.0	2304
364.0	1185
365.0	1794
366.0	1506
367.0	850
368.0	694
369.0	1541
370.0	1029
371.0	232
372.0	110
373.0	556
374.0	753
375.0	1789
376.0	1282
377.0	1419
378.0	1162
379.0	1172
380.0	462
381.0	1648
382.0	1707
383.0	16649
384.0	52961
385.0	72809
386.0	73042
387.0	6980
388.0	2852
389.0	7751
390.0	1712
391.0	1369
392.0	4036
393.0	2292
394.0	3034
395.0	1951
396.0	3182
397.0	2688
398.0	3902
399.0	3407
400.0	2936
401.0	2034
402.0	2387
403.0	4350
404.0	3158
405.0	3205
406.0	3852
407.0	3869
408.0	3824
409.0	12274
410.0	26237
411.0	8535
412.0	14391
413.0	24993
414.0	20805
415.0	6560
416.0	5676
417.0	12034
418.0	13903
419.0	14894
420.0	39545
421.0	33081
422.0	19936
423.0	17680
424.0	13875
425.0	12384
426.0	22367
427.0	35627
428.0	27888
429.0	20713
430.0	16073
431.0	21310
432.0	20180
433.0	24629
434.0	21758
435.0	24107
436.0	20537
437.0	12173
438.0	13733
439.0	36328
440.0	39888
441.0	20700
442.0	28814
443.0	21789
444.0	10870
445.0	10859
446.0	17122
447.0	17579
448.0	14821
449.0	17334
450.0	10041
451.0	7709
452.0	6095
453.0	9724
454.0	4842
455.0	5977
456.0	7910
457.0	4000
458.0	4343
459.0	4569
460.0	3099
461.0	683
462.0	88
463.0	304
464.0	117
465.0	171
466.0	52
467.0	74
468.0	216
469.0	104
470.0	38
471.0	32
472.0	41
473.0	12
474.0	4
475.0	24
476.0	15
477.0	55
478.0	30
479.0	345
480.0	87
481.0	152
482.0	456
483.0	64
484.0	308
485.0	2118
486.0	1288
487.0	875
488.0	172
489.0	87
490.0	435
491.0	558
492.0	480
493.0	57
494.0	94
495.0	191
496.0	278
497.0	471
498.0	147
499.0	125
500.0	108
501.0	62
502.0	35
503.0	56
504.0	125
505.0	84
506.0	121
507.0	144
508.0	101
509.0	212
510.0	663
511.0	1199
512.0	846
513.0	564
514.0	1511
515.0	54
516.0	608
517.0	311
518.0	1190
519.0	3815
520.0	839
521.0	1713
522.0	690
523.0	1195
524.0	1108
525.0	3816
526.0	2338
527.0	671
528.0	124
529.0	730
530.0	1138
531.0	290
532.0	108
533.0	1075
534.0	82
535.0	230
536.0	259
537.0	172
538.0	408
539.0	206
540.0	238
541.0	115
542.0	131
543.0	252
544.0	917
545.0	213
546.0	2006
547.0	1138
548.0	319
549.0	151
550.0	256
551.0	392
552.0	555
553.0	703
554.0	1528
555.0	126
556.0	148
557.0	130
558.0	148
559.0	426
560.0	778
561.0	1470
562.0	355
563.0	73
564.0	9
565.0	13
566.0	33
567.0	195
568.0	16
569.0	14
570.0	339
571.0	1476
572.0	289
573.0	39
574.0	15
575.0	163
576.0	114
577.0	17
578.0	54
579.0	46
580.0	136
581.0	227
582.0	98
583.0	47
584.0	40
585.0	19
586.0	19
587.0	8
588.0	826
589.0	171
590.0	182
591.0	85
592.0	27
593.0	3
594.0	68
595.0	12
596.0	43
597.0	1051
598.0	1075
599.0	392
600.0	93
601.0	112
602.0	3
603.0	368
604.0	556
605.0	71
606.0	34
607.0	103
608.0	225
609.0	1
610.0	1
611.0	6
612.0	1
613.0	3
614.0	1
615.0	14
616.0	3
617.0	1
618.0	1
619.0	1
622.0	1
623.0	1
624.0	1
625.0	8
626.0	29
627.0	11
630.0	8
632.0	1
633.0	480
634.0	430
635.0	310
636.0	180
637.0	516
638.0	1174
639.0	1376
640.0	728
641.0	1228
642.0	568
643.0	241
644.0	801
645.0	79
646.0	211
647.0	860
648.0	1950
649.0	1129
650.0	716
651.0	701
652.0	837
653.0	346
654.0	476
655.0	262
656.0	150
657.0	52
658.0	50
659.0	261
660.0	110
661.0	142
662.0	237
663.0	231
664.0	168
665.0	24
666.0	88
667.0	201
668.0	385
669.0	474
670.0	409
671.0	2075
672.0	373
673.0	12
674.0	4
675.0	27
676.0	136
677.0	102
678.0	61
679.0	184
680.0	106
681.0	432
682.0	258
683.0	186
684.0	86
685.0	25
686.0	9
687.0	4
690.0	79
691.0	40
692.0	1
693.0	33
694.0	30
695.0	20
696.0	28
697.0	15
704.0	11
705.0	22
706.0	10
709.0	23
710.0	42
711.0	6
712.0	73
713.0	23
714.0	60
715.0	21
716.0	44
717.0	17
719.0	2
720.0	29
721.0	3
725.0	3
728.0	3
729.0	2
730.0	5
731.0	8
732.0	2
733.0	4
734.0	7
735.0	8
736.0	26
737.0	28
738.0	39
739.0	7
740.0	12
741.0	13
742.0	8
743.0	30
744.0	27
745.0	36
746.0	10
747.0	5
748.0	151
749.0	20
750.0	81
751.0	179
752.0	237
753.0	55
754.0	33
755.0	859
756.0	235
757.0	57
758.0	4
759.0	464
760.0	241
761.0	105
762.0	121
763.0	39
764.0	37
765.0	20
766.0	25
767.0	80
768.0	331
769.0	33
770.0	4
775.0	105
776.0	492
777.0	722
778.0	1379
779.0	10
780.0	481
781.0	73
782.0	546
783.0	106
784.0	44
785.0	30
787.0	67
788.0	130
789.0	6
790.0	34
791.0	293
792.0	120
793.0	135
794.0	492
795.0	175
796.0	64
797.0	120
798.0	11
800.0	10
803.0	41
804.0	11
805.0	621
806.0	732
807.0	1028
808.0	480
809.0	179
810.0	152
811.0	276
812.0	347
813.0	416
814.0	75
815.0	352
816.0	529
817.0	453
818.0	469
819.0	344
820.0	316
821.0	291
822.0	538
823.0	538
824.0	872
825.0	1046
826.0	186
827.0	98
828.0	269
829.0	289
830.0	31
833.0	9
835.0	6203
836.0	11064
837.0	10193
838.0	11311
839.0	10645
840.0	11038
841.0	10707
842.0	10440
843.0	11195
844.0	9285
845.0	9742
846.0	9581
847.0	11402
848.0	11555
849.0	12710
850.0	13776
851.0	12181
852.0	11769
853.0	13388
854.0	13985
855.0	13060
856.0	14020
857.0	12531
858.0	12185
859.0	12739
860.0	13228
861.0	13262
862.0	12496
863.0	14075
864.0	13136
865.0	3714
866.0	4
867.0	3
868.0	4
869.0	4
870.0	4
871.0	6
872.0	4
873.0	4
874.0	5
875.0	9
876.0	9
877.0	6
878.0	17
879.0	4
880.0	10
881.0	4
882.0	2
883.0	3
884.0	2
885.0	8
886.0	10
887.0	7
888.0	14
889.0	10
890.0	11
891.0	9
892.0	9
893.0	5
894.0	8
895.0	27
896.0	8
897.0	159
898.0	51
899.0	93
900.0	134
901.0	25
902.0	27
903.0	18
904.0	20
905.0	24
906.0	19
907.0	14
908.0	31
909.0	29
910.0	21
911.0	21
912.0	22
913.0	46
914.0	28
915.0	32
916.0	32
917.0	11
918.0	43
919.0	6
920.0	29
921.0	5
922.0	8
923.0	8
925.0	30
926.0	18
927.0	16
929.0	1
933.0	4
934.0	7
938.0	1
939.0	177
940.0	457
941.0	203
942.0	209
943.0	25
944.0	9
950.0	6
953.0	34
954.0	204
955.0	39
956.0	63
957.0	68
958.0	97
959.0	73
960.0	157
961.0	69
962.0	82
963.0	75
964.0	76
965.0	109
966.0	85
967.0	85
968.0	87
969.0	83
970.0	81
971.0	94
972.0	59
973.0	102
974.0	66
975.0	102
976.0	77
977.0	168
978.0	59
979.0	23
980.0	105
981.0	128
982.0	95
983.0	90
984.0	11
985.0	106
986.0	53
987.0	74
988.0	48
989.0	1
992.0	3
993.0	4
994.0	8
995.0	11705
996.0	18037
997.0	18132
998.0	17888
999.0	17128
1000.0	16590
1001.0	16125
1002.0	15843
1003.0	16199
1004.0	19070
1005.0	18567
1006.0	18152
1007.0	16857
1008.0	16823
1009.0	17944
1010.0	19132
1011.0	19513
1012.0	19840
1013.0	17798
1014.0	16914
1015.0	17034
1016.0	17316
1017.0	16886
1018.0	17682
1019.0	18197
1020.0	17942
1021.0	19332
1022.0	18312
1023.0	19447
1024.0	18273
1025.0	5915
1026.0	1
1044.0	3
1045.0	7
1046.0	88
1047.0	28
1048.0	6
1049.0	5
1050.0	7
1051.0	6
1052.0	1
1053.0	2
1055.0	15
1056.0	10
1057.0	32
1058.0	44
1059.0	65
1061.0	2
1062.0	6
1063.0	18
1064.0	6
1065.0	13
1066.0	4
1067.0	2
1069.0	2
1070.0	19
1071.0	13
1073.0	1
1074.0	94
1075.0	40
1076.0	1
1077.0	3
1081.0	114
1082.0	3
1086.0	1
1088.0	24
1089.0	4
1090.0	14
1091.0	25
1092.0	143
1093.0	478
1094.0	333
1095.0	164
1096.0	12
1097.0	4791
1098.0	39906
1099.0	35377
1100.0	35669
1101.0	33528
1102.0	38762
1103.0	34557
1104.0	35090
1105.0	31936
1106.0	35525
1107.0	36349
1108.0	38551
1109.0	32494
1110.0	36492
1111.0	34532
1112.0	39321
1113.0	37532
1114.0	42071
1115.0	42675
1116.0	40655
1117.0	37852
1118.0	44121
1119.0	44110
1120.0	43178
1121.0	42298
1122.0	44162
1123.0	40956
1124.0	41563
1125.0	39121
1126.0	41067
1127.0	31021
1128.0	43
1129.0	1
1130.0	52
1131.0	67
1132.0	5
1133.0	37
1134.0	63
1135.0	169
1136.0	101
1137.0	66
1138.0	155
1139.0	22
1140.0	7
1141.0	53
1142.0	6
1143.0	72
1144.0	46
1145.0	70
1146.0	144
1147.0	135
1148.0	143
1149.0	21
1150.0	1
1154.0	14
1155.0	16
1156.0	38
1157.0	6
1168.0	210
1169.0	119
1170.0	239
1171.0	131
1182.0	5
1185.0	5
1186.0	413
1187.0	54
1188.0	13
1189.0	6
1190.0	181
1191.0	32
1246.0	1
1247.0	3
1248.0	2
1253.0	48
1254.0	12
1316.0	4
1331.0	4
1333.0	5
1336.0	49
1337.0	54
1338.0	7
1339.0	3
1340.0	199
1341.0	29
1342.0	7
1343.0	8
1345.0	9
1347.0	5
1348.0	12
1355.0	166
1356.0	52
1357.0	188
1359.0	5
1391.0	6
1395.0	9
1810.0	71
1891.0	10
1911.0	111
1912.0	269
1913.0	268
1914.0	303
1915.0	269
1916.0	265
1917.0	282
1918.0	243
1919.0	269
1920.0	228
1921.0	248
1922.0	265
1923.0	249
1924.0	261
1925.0	253
1926.0	280
1927.0	271
1928.0	268
1929.0	267
1930.0	311
1931.0	235
1932.0	305
1933.0	310
1934.0	214
1935.0	251
1936.0	219
1937.0	254
1938.0	262
1939.0	257
1940.0	299
1941.0	51
1994.0	6
2015.0	23
2038.0	1
2267.0	93
2270.0	1
2271.0	279
2272.0	309
2273.0	886
2274.0	100
2287.0	27
2288.0	26
2289.0	23
2292.0	192
2293.0	1
2384.0	1
2614.0	19
2635.0	12
2639.0	18
2640.0	69
2641.0	20
2642.0	2
2643.0	6
2644.0	38
2646.0	36
2647.0	11
2648.0	47
2649.0	78
2651.0	6
