1	702
2	693
3	127
4	61
5	31
6	28
7	16
8	25
9	16
10	21
11	14
12	11
13	5
14	9
15	4
16	4
17	10
18	7
19	4
20	6
21	4
22	3
23	3
24	4
25	1
26	3
27	2
28	1
29	5
31	3
32	1
35	1
36	4
38	1
39	1
41	1
42	3
43	1
45	1
47	1
48	1
49	2
50	1
51	1
52	3
53	2
54	1
55	2
56	2
58	1
59	1
60	1
61	2
62	2
63	1
64	2
65	3
66	2
67	5
69	4
70	1
71	2
72	1
73	1
75	4
76	1
77	4
78	2
79	1
80	3
81	3
82	1
83	3
84	1
86	1
87	4
88	1
89	2
90	2
91	4
93	2
94	4
95	2
96	1
97	4
98	4
99	1
100	5
101	4
102	4
103	1
105	1
106	2
107	2
110	2
111	4
112	3
114	1
115	1
116	2
117	3
118	1
119	1
121	4
123	1
124	3
127	1
128	1
129	3
130	1
131	1
132	2
133	1
135	1
136	1
138	3
139	4
140	4
141	2
142	3
143	1
144	1
145	2
146	3
147	1
148	1
149	5
150	2
151	2
152	8
153	3
154	2
156	2
157	2
158	1
160	1
161	1
162	1
164	6
165	2
166	1
167	2
168	1
170	4
171	1
172	2
173	5
174	1
175	2
176	2
177	2
178	1
179	2
181	2
182	1
183	1
184	1
186	1
187	3
188	3
189	2
190	2
192	2
193	1
196	1
197	2
198	2
199	2
204	1
205	1
207	3
208	1
209	1
210	4
211	1
212	2
213	2
214	2
215	2
216	1
218	2
221	1
222	1
223	1
224	1
225	2
226	2
228	1
229	2
231	2
232	1
233	2
234	1
236	1
237	1
238	3
239	1
241	5
245	4
247	1
248	2
250	2
251	1
252	2
254	5
255	2
256	1
258	1
260	2
261	2
262	4
263	1
264	3
265	1
266	2
268	1
269	1
270	1
272	1
273	4
274	2
275	2
277	3
279	1
283	1
284	2
286	2
289	1
290	1
291	1
292	1
293	1
294	1
295	3
296	2
297	2
298	1
299	2
300	1
302	2
303	1
304	2
305	1
306	1
307	2
308	1
309	2
311	3
314	1
315	3
316	2
317	1
318	1
319	1
321	1
322	2
323	3
324	1
325	1
326	3
328	3
329	5
330	3
331	1
333	1
335	1
336	1
338	1
339	2
341	1
345	2
347	1
348	4
349	1
350	2
351	1
354	1
356	2
357	4
358	1
361	2
362	2
364	1
368	1
370	1
371	1
372	2
373	1
374	1
375	3
376	2
377	1
379	2
380	2
382	1
383	2
384	2
385	2
386	2
387	2
389	2
390	2
391	1
395	1
396	1
397	2
398	2
399	1
400	1
401	3
403	2
404	2
405	3
407	3
409	1
410	3
411	1
414	1
415	1
416	1
417	1
418	1
419	3
422	2
423	1
424	1
425	1
426	1
428	1
429	1
430	2
433	2
436	3
437	1
439	1
440	2
441	1
444	1
446	1
447	1
448	1
450	1
451	1
454	2
455	1
456	3
458	1
459	1
460	1
461	1
462	1
463	2
469	1
472	1
473	1
475	2
477	1
479	2
482	1
483	1
484	1
485	1
486	1
487	1
491	1
492	2
494	1
496	1
497	2
498	1
499	1
500	1
501	2
503	1
504	2
506	2
511	1
513	1
515	2
518	2
521	1
522	1
526	2
529	1
531	2
532	1
537	2
538	1
540	1
541	1
542	1
544	1
545	1
546	1
547	2
549	1
553	1
555	1
557	2
559	1
561	1
562	1
563	1
564	1
565	2
566	1
567	1
568	1
570	1
572	1
574	1
575	1
581	1
584	2
585	2
586	2
587	1
588	1
589	1
590	2
591	1
593	1
602	1
605	1
607	2
608	1
610	1
614	1
617	4
621	1
625	1
627	3
628	3
632	1
634	1
641	2
642	2
643	1
647	2
655	1
656	1
658	1
660	1
661	1
662	1
664	1
665	1
667	1
679	1
680	1
681	2
683	1
685	1
687	1
697	1
698	1
702	2
703	1
705	1
707	1
711	2
712	1
716	1
721	1
724	1
727	3
729	1
730	1
746	1
749	1
750	1
754	1
759	1
763	2
769	1
774	1
776	1
777	1
790	1
798	1
800	1
802	1
803	1
806	1
807	1
819	1
821	1
825	1
838	2
850	1
857	1
859	2
863	1
873	1
875	1
878	1
882	2
892	1
893	1
901	1
913	1
917	1
920	1
923	1
924	1
936	2
937	1
941	1
943	1
946	1
950	1
955	1
956	2
957	1
973	1
975	1
976	1
984	1
993	1
996	1
998	2
1000	1
1007	1
1009	1
1016	1
1020	1
1025	1
1026	2
1032	1
1035	1
1039	1
1063	2
1076	1
1078	1
1086	1
1091	1
1097	1
1098	1
1099	1
1105	1
1109	1
1118	1
1121	1
1122	1
1124	1
1128	2
1133	1
1135	1
1144	1
1145	1
1152	1
1157	1
1161	1
1163	1
1181	1
1231	1
1235	1
1237	1
1240	1
1243	1
1274	1
1290	1
1317	2
1322	1
1338	1
1344	1
1347	1
1352	1
1353	2
1361	1
1373	1
1381	1
1385	1
1399	1
1414	1
1427	1
1429	1
1454	1
1468	1
1482	1
1494	1
1495	1
1498	1
1502	1
1543	1
1546	1
1548	1
1584	1
1588	1
1619	1
1621	1
1659	1
1661	1
1691	1
1722	1
1740	1
1765	1
1768	1
1779	1
1816	1
1819	1
1835	1
1877	1
1882	1
1954	1
1980	1
1995	1
2001	1
2017	1
2055	1
2062	1
2072	1
2085	1
2112	1
2118	1
2126	1
2201	1
2237	1
2245	1
2248	1
2249	2
2296	1
2298	1
2303	1
2307	1
2315	1
2331	1
2334	1
2397	1
2420	1
2444	1
2458	1
2487	1
2490	1
2495	1
2500	1
2516	1
2536	1
2540	1
2614	1
2661	1
2685	1
2694	1
2704	1
2785	1
2810	2
2817	1
2858	1
2864	1
2875	1
2916	1
2993	1
3025	1
3028	1
3034	1
3057	1
3063	1
3070	1
3075	1
3117	1
3194	1
3305	1
3322	1
3341	1
3439	1
3473	1
3548	1
3578	1
3654	1
3739	1
3790	1
3816	1
3820	1
4016	1
4244	1
4336	1
4399	1
4584	1
4719	1
4753	1
4916	1
5041	1
5078	1
5143	1
5174	1
5582	1
5694	1
5761	1
5885	1
5924	1
6346	1
6692	1
6767	1
6930	1
6952	1
7917	1
8371	1
8566	1
9548	1
10530	1
11021	1
11453	1
12017	1
13275	1
37724	1
53897	1
87071	1
93545	1
98673	1
154734	1
164189	1
719113	1
4529299	1
12031148	1
