0.0	37979077
1.0	1359082
2.0	1972699
3.0	1079748
4.0	768106
5.0	692502
6.0	899665
7.0	1210877
8.0	779257
9.0	321005
10.0	489368
11.0	780722
12.0	942903
13.0	951240
14.0	950076
15.0	763260
16.0	617157
17.0	559325
18.0	491644
19.0	781416
20.0	869263
21.0	1059392
22.0	1658455
23.0	1337501
24.0	1278762
25.0	1332762
26.0	1239757
27.0	1264139
28.0	1164164
29.0	1859744
30.0	1071227
31.0	414916
32.0	39
33.0	35
34.0	26
35.0	25
36.0	38
37.0	44
38.0	19
39.0	101
40.0	177
41.0	36
42.0	460
43.0	79
44.0	369
45.0	294
46.0	9011
47.0	9752
48.0	16226
49.0	11131
50.0	6898
51.0	7388
52.0	7385
53.0	32166
54.0	37799
55.0	6448
56.0	9893
57.0	4934
58.0	3187
61.0	1
62.0	82
63.0	4
