1483142400	4
1483228800	206
1483315200	224
1483401600	237
1483488000	155
1483574400	306
1483660800	586
1483747200	386
1483833600	308
1483920000	285
1484006400	727
1484092800	937
1484179200	423
1484265600	433
1484352000	308
1484438400	155
1484524800	459
1484611200	391
1484697600	489
1484784000	782
1484870400	1040
1484956800	293
1485043200	355
1485129600	393
1485216000	288
1485302400	401
1485388800	306
1485475200	324
1485561600	336
1485648000	89
1485734400	508
1485820800	4340
1485907200	654
1485993600	1275
1486080000	584
1486166400	465
1486252800	369
1486339200	554
1486425600	546
1486512000	635
1486598400	339
1486684800	206
1486771200	63
1486857600	90
1486944000	221
1487030400	127
1487116800	579
1487203200	159
1487289600	354
1487376000	100
1487462400	718
1487548800	207
1487635200	253
1487721600	370
1487808000	573
1487894400	546
1487980800	366
1488067200	78
1488153600	278
1488240000	467
1488326400	391
1488412800	151
1488499200	490
1488585600	219
1488672000	91
1488758400	225
1488844800	406
1488931200	233
1489017600	442
1489104000	560
1489190400	161
1489276800	210
1489363200	469
1489449600	793
1489536000	345
1489622400	145
1489708800	367
1489795200	327
1489881600	284
1489968000	555
1490054400	669
1490140800	443
1490227200	670
1490313600	451
1490400000	270
1490486400	301
1490572800	567
1490659200	352
1490745600	438
1490832000	473
1490918400	676
1491004800	412
1491091200	777
1491177600	744
1491264000	530
1491350400	481
1491436800	226
1491523200	380
1491609600	204
1491696000	347
1491782400	307
1491868800	337
1491955200	283
1492041600	577
1492128000	958
1492214400	187
1492300800	115
1492387200	265
1492473600	355
1492560000	581
1492646400	187
1492732800	359
1492819200	873
1492905600	920
1492992000	605
1493078400	475
1493164800	841
1493251200	734
1493337600	302
1493424000	764
1493510400	424
1493596800	446
1493683200	475
1493769600	974
1493856000	344
1493942400	495
1494028800	463
1494115200	194
1494201600	387
1494288000	480
1494374400	565
1494460800	467
1494547200	331
1494633600	235
1494720000	344
1494806400	600
1494892800	1358
1494979200	1063
1495065600	778
1495152000	1138
1495238400	308
1495324800	408
1495411200	703
1495497600	1773
1495584000	946
1495670400	334
1495756800	310
1495843200	96
1495929600	276
1496016000	403
1496102400	646
1496188800	640
1496275200	937
1496361600	860
1496448000	340
1496534400	252
1496620800	688
1496707200	618
1496793600	639
1496880000	1428
1496966400	935
1497052800	373
1497139200	277
1497225600	1126
1497312000	746
1497398400	329
1497484800	831
1497571200	847
1497657600	409
1497744000	488
1497830400	846
1497916800	531
1498003200	911
1498089600	572
1498176000	673
1498262400	446
1498348800	478
1498435200	519
1498521600	752
1498608000	1202
1498694400	1419
1498780800	625
1498867200	643
1498953600	477
1499040000	981
1499126400	1252
1499212800	1073
1499299200	960
1499385600	944
1499472000	1612
1499558400	831
1499644800	970
1499731200	888
1499817600	1167
1499904000	999
1499990400	1279
1500076800	762
1500163200	541
1500249600	740
1500336000	1107
1500422400	1306
1500508800	1551
1500595200	1335
1500681600	913
1500768000	312
1500854400	681
1500940800	1330
1501027200	1835
1501113600	1530
1501200000	1530
1501286400	976
1501372800	736
1501459200	918
1501545600	948
1501632000	1165
1501718400	1327
1501804800	2208
1501891200	1148
1501977600	1354
1502064000	888
1502150400	995
1502236800	1003
1502323200	3601
1502409600	2151
1502496000	1082
1502582400	601
1502668800	780
1502755200	1500
1502841600	1705
1502928000	1559
1503014400	1612
1503100800	1128
1503187200	883
1503273600	668
1503360000	1406
1503446400	2391
1503532800	2152
1503619200	2515
1503705600	2597
1503792000	1220
1503878400	1354
1503964800	1807
1504051200	883
1504137600	884
1504224000	1299
1504310400	861
1504396800	274
1504483200	505
1504569600	1246
1504656000	2301
1504742400	1271
1504828800	1427
1504915200	861
1505001600	580
1505088000	1351
1505174400	1286
1505260800	2055
1505347200	1853
1505433600	2132
1505520000	2183
1505606400	1653
1505692800	1006
1505779200	1108
1505865600	1405
1505952000	1810
1506038400	1085
1506124800	926
1506211200	536
1506297600	617
1506384000	1528
1506470400	1606
1506556800	1185
1506643200	1696
1506729600	941
1506816000	801
1506902400	2680
1506988800	2186
1507075200	2021
1507161600	2958
1507248000	1969
1507334400	1812
1507420800	3309
1507507200	2000
1507593600	4077
1507680000	2845
1507766400	3333
1507852800	3288
1507939200	2024
1508025600	1406
1508112000	3084
1508198400	2767
1508284800	2529
1508371200	2528
1508457600	2294
1508544000	2703
1508630400	1632
1508716800	2659
1508803200	3150
1508889600	5292
1508976000	3227
1509062400	2552
1509148800	1443
1509235200	924
1509321600	2502
1509408000	2925
1509494400	2645
1509580800	2259
1509667200	1661
1509753600	2279
1509840000	1367
1509926400	2076
1510012800	2295
1510099200	7540
1510185600	3126
1510272000	2044
1510358400	2982
1510444800	3478
1510531200	3335
1510617600	6106
1510704000	6814
1510790400	4724
1510876800	5868
1510963200	5303
1511049600	3931
1511136000	5039
1511222400	4367
1511308800	3614
1511395200	5207
1511481600	4442
1511568000	5014
1511654400	4233
1511740800	3766
1511827200	3386
1511913600	5167
1512000000	4946
1512086400	6886
1512172800	5333
1512259200	6055
1512345600	7479
1512432000	8476
1512518400	7265
1512604800	4970
1512691200	6944
1512777600	8476
1512864000	7041
1512950400	7886
1513036800	8084
1513123200	9153
1513209600	9252
1513296000	11518
1513382400	5751
1513468800	12355
1513555200	17185
1513641600	19164
1513728000	32249
1513814400	21190
1513900800	18863
1513987200	17973
1514073600	16141
1514160000	19171
1514246400	17043
1514332800	15477
1514419200	18906
1514505600	29959
1514592000	35760
1514678400	18494
